0.0000000	-2.2147785
0.010000000	-4.3606853
0.020000000	-4.5273751
0.030000000	-0.98718943
0.040000000	5.7910017
0.050000000	7.6162531
0.060000000	3.2535351
0.070000000	1.5336190
0.080000000	1.9595216
0.090000000	0.73593314
0.10000000	1.1619295
0.11000000	1.6321195
0.12000000	1.7412176
0.13000000	4.8005587
0.14000000	7.2083540
0.15000000	5.6752177
0.16000000	6.5026674
0.17000000	6.6967166
0.18000000	6.2608375
0.19000000	8.5764695
0.20000000	11.252774
0.21000000	11.573195
0.22000000	11.233690
0.23000000	11.145725
0.24000000	13.402460
0.25000000	13.711976
0.26000000	13.097702
0.27000000	14.655451
0.28000000	13.785030
0.29000000	15.194838
0.30000000	16.691910
0.31000000	15.549498
0.32000000	13.386329
0.33000000	13.166471
0.34000000	14.235773
0.35000000	14.451903
0.36000000	15.600395
0.37000000	16.083547
0.38000000	17.107349
0.39000000	16.089020
0.40000000	15.774731
0.41000000	16.119080
0.42000000	16.627519
0.43000000	16.295493
0.44000000	15.804305
0.45000000	16.810872
0.46000000	17.196089
0.47000000	16.485301
0.48000000	16.944442
0.49000000	17.531996
0.50000000	18.351625
0.51000000	18.976283
0.52000000	17.455394
0.53000000	17.734887
0.54000000	18.285762
0.55000000	17.522056
0.56000000	17.494162
0.57000000	17.566109
0.58000000	17.694984
0.59000000	18.181677
0.60000000	18.031732
0.61000000	16.872152
0.62000000	17.308173
0.63000000	17.988135
0.64000000	17.085343
0.65000000	17.276193
0.66000000	17.752118
0.67000000	17.440275
0.68000000	17.554921
0.69000000	18.319499
0.70000000	17.548612
0.71000000	16.107078
0.72000000	17.221201
0.73000000	16.377875
0.74000000	16.337278
0.75000000	16.134890
0.76000000	16.068235
0.77000000	16.653654
0.78000000	17.459828
0.79000000	17.030454
0.80000000	16.738284
0.81000000	16.738510
0.82000000	16.697189
0.83000000	16.430028
0.84000000	17.072392
0.85000000	16.304434
0.86000000	16.520637
0.87000000	17.031625
0.88000000	17.256312
0.89000000	16.605904
0.90000000	16.460760
0.91000000	16.436099
0.92000000	16.176914
0.93000000	16.020255
0.94000000	15.754926
0.95000000	16.625795
0.96000000	17.694264
0.97000000	17.224066
0.98000000	16.222382
0.99000000	16.679536
1.0000000	16.999729
1.0100000	16.663707
1.0200000	16.436291
1.0300000	16.098606
1.0400000	17.147460
1.0500000	17.526301
1.0600000	17.518287
1.0700000	17.646343
1.0800000	17.326113
1.0900000	17.256355
1.1000000	16.519771
1.1100000	16.896113
1.1200000	16.378313
1.1300000	16.673934
1.1400000	17.128392
1.1500000	16.851457
1.1600000	16.813233
1.1700000	16.897522
1.1800000	16.869715
1.1900000	17.056783
1.2000000	17.459847
1.2100000	17.559058
1.2200000	17.387892
1.2300000	17.215526
1.2400000	17.237443
1.2500000	17.759064
1.2600000	17.580744
1.2700000	17.155496
1.2800000	17.618073
1.2900000	17.410323
1.3000000	17.418989
1.3100000	18.060699
1.3200000	17.888007
1.3300000	17.104215
1.3400000	18.153295
1.3500000	18.284133
1.3600000	17.272229
1.3700000	17.618090
1.3800000	18.042211
1.3900000	18.025857
1.4000000	18.078268
1.4100000	17.820040
1.4200000	17.748326
1.4300000	18.061561
1.4400000	17.976264
1.4500000	17.677142
1.4600000	17.218639
1.4700000	17.751490
1.4800000	17.727114
1.4900000	17.551803
1.5000000	18.429930
1.5100000	18.129318
1.5200000	18.339988
1.5300000	17.926280
1.5400000	17.971619
1.5500000	18.154849
1.5600000	18.661448
1.5700000	18.621181
1.5800000	18.865572
1.5900000	18.162849
1.6000000	18.551958
1.6100000	19.442884
1.6200000	19.016356
1.6300000	19.033243
1.6400000	19.627864
1.6500000	19.161320
1.6600000	19.042976
1.6700000	19.699557
1.6800000	19.873459
1.6900000	20.006214
1.7000000	20.605712
1.7100000	20.117687
1.7200000	19.689449
1.7300000	19.701822
1.7400000	20.514758
1.7500000	20.324169
1.7600000	20.364305
1.7700000	20.653211
1.7800000	21.076483
1.7900000	21.077194
1.8000000	20.981650
1.8100000	21.404617
1.8200000	22.348328
1.8300000	23.125554
1.8400000	22.353929
1.8500000	22.133991
1.8600000	21.925379
1.8700000	21.961192
1.8800000	22.257022
1.8900000	22.499388
1.9000000	22.401868
1.9100000	22.438517
1.9200000	22.628462
1.9300000	22.876632
1.9400000	23.080344
1.9500000	22.909332
1.9600000	23.040436
1.9700000	23.400070
1.9800000	23.400258
1.9900000	23.582167
2.0000000	23.871349
2.0100000	24.383667
2.0200000	24.732205
2.0300000	24.352659
2.0400000	24.746398
2.0500000	24.896080
2.0600000	25.248470
2.0700000	25.107623
2.0800000	25.974378
2.0900000	27.518501
2.1000000	28.384505
2.1100000	29.100937
2.1200000	28.207933
2.1300000	27.074730
2.1400000	26.854953
2.1500000	26.326538
2.1600000	26.418554
2.1700000	26.272346
2.1800000	26.750067
2.1900000	26.983662
2.2000000	26.618840
2.2100000	26.822190
2.2200000	27.400269
2.2300000	27.528301
2.2400000	27.884289
2.2500000	28.170275
2.2600000	28.273544
2.2700000	28.316635
2.2800000	28.570629
2.2900000	28.451608
2.3000000	28.263890
2.3100000	28.541821
2.3200000	29.057380
2.3300000	29.422663
2.3400000	30.492632
2.3500000	32.334309
2.3600000	33.288224
2.3700000	33.257102
2.3800000	32.973843
2.3900000	32.761608
2.4000000	32.773814
2.4100000	32.710272
2.4200000	33.594011
2.4300000	35.191235
2.4400000	39.572999
2.4500000	50.827372
2.4600000	80.529279
2.4700000	156.32278
2.4800000	304.18239
2.4900000	448.88921
2.5000000	400.78478
2.5100000	232.06526
2.5200000	118.13394
2.5300000	67.199191
2.5400000	47.256135
2.5500000	39.207883
2.5600000	37.088657
2.5700000	36.478971
2.5800000	36.955860
2.5900000	36.925636
2.6000000	36.102621
2.6100000	35.593635
2.6200000	35.592880
2.6300000	36.183146
2.6400000	37.156822
2.6500000	37.957401
2.6600000	38.834831
2.6700000	39.814382
2.6800000	41.003439
2.6900000	42.344177
2.7000000	43.675570
2.7100000	44.729794
2.7200000	45.720572
2.7300000	47.100327
2.7400000	49.022599
2.7500000	51.347599
2.7600000	53.946507
2.7700000	56.921667
2.7800000	60.759385
2.7900000	65.493971
2.8000000	72.070582
2.8100000	85.308837
2.8200000	112.97704
2.8300000	181.53315
2.8400000	368.01095
2.8500000	860.30296
2.8600000	2017.7515
2.8700000	3810.0138
2.8800000	4513.4186
2.8900000	3159.9534
2.9000000	1532.3863
2.9100000	650.66233
2.9200000	285.81758
2.9300000	156.94767
2.9400000	105.06742
2.9500000	83.227899
2.9600000	72.652283
2.9700000	67.038531
2.9800000	63.112405
2.9900000	59.286744
3.0000000	55.774012
3.0100000	53.050480
3.0200000	51.143368
3.0300000	49.458701
3.0400000	48.008217
3.0500000	46.117718
3.0600000	44.529554
3.0700000	42.393729
3.0800000	40.383657
3.0900000	38.876278
3.1000000	37.823224
3.1100000	36.872469
3.1200000	35.388579
3.1300000	34.453492
3.1400000	34.026516
3.1500000	32.986211
3.1600000	31.998241
3.1700000	31.501341
3.1800000	31.107028
3.1900000	30.448897
3.2000000	30.228269
3.2100000	30.115995
3.2200000	30.351434
3.2300000	31.975454
3.2400000	35.870754
3.2500000	44.071926
3.2600000	45.966042
3.2700000	36.976559
3.2800000	30.453876
3.2900000	28.311379
3.3000000	28.122175
3.3100000	27.715749
3.3200000	27.545179
3.3300000	27.812387
3.3400000	27.348760
3.3500000	28.272781
3.3600000	30.601711
3.3700000	34.245334
3.3800000	39.019387
3.3900000	41.925479
3.4000000	40.096173
3.4100000	35.497065
3.4200000	31.638936
3.4300000	29.184639
3.4400000	27.976686
3.4500000	26.878692
3.4600000	26.926511
3.4700000	27.520159
3.4800000	28.338548
3.4900000	28.980395
3.5000000	28.897947
3.5100000	28.834385
3.5200000	28.915833
3.5300000	30.057437
3.5400000	31.328014
3.5500000	32.268514
3.5600000	33.445127
3.5700000	34.036019
3.5800000	34.587191
3.5900000	34.691806
3.6000000	34.610927
3.6100000	34.426876
3.6200000	33.539121
3.6300000	32.195275
3.6400000	31.266938
3.6500000	31.076605
3.6600000	30.814754
3.6700000	30.648415
3.6800000	30.400306
3.6900000	30.685548
3.7000000	30.620178
3.7100000	31.289581
3.7200000	32.090575
3.7300000	33.498317
3.7400000	36.426670
3.7500000	42.087681
3.7600000	46.523929
3.7700000	44.289553
3.7800000	40.313161
3.7900000	38.884582
3.8000000	38.166929
3.8100000	38.185046
3.8200000	38.176464
3.8300000	39.064015
3.8400000	40.077049
3.8500000	41.024544
3.8600000	42.327733
3.8700000	43.826216
3.8800000	46.362460
3.8900000	50.037474
3.9000000	54.236740
3.9100000	58.276931
3.9200000	61.308248
3.9300000	62.746302
3.9400000	63.536966
3.9500000	64.608880
3.9600000	66.095031
3.9700000	68.241457
3.9800000	71.792293
3.9900000	77.554287
4.0000000	88.149787
4.0100000	111.30346
4.0200000	166.08923
4.0300000	305.94265
4.0400000	673.29119
4.0500000	1542.9780
4.0600000	2960.7201
4.0700000	3771.7500
4.0800000	2931.2607
4.0900000	1576.2045
4.1000000	728.53212
4.1100000	334.10782
4.1200000	182.42441
4.1300000	121.92367
4.1400000	97.438027
4.1500000	86.753055
4.1600000	80.594019
4.1700000	77.279597
4.1800000	75.041830
4.1900000	72.377325
4.2000000	70.273712
4.2100000	68.620973
4.2200000	67.352120
4.2300000	66.367113
4.2400000	65.725147
4.2500000	64.989545
4.2600000	64.625407
4.2700000	64.865625
4.2800000	65.377805
4.2900000	65.547973
4.3000000	65.279740
4.3100000	65.146916
4.3200000	64.785322
4.3300000	64.200649
4.3400000	63.920885
4.3500000	62.827560
4.3600000	61.773634
4.3700000	61.813395
4.3800000	61.048613
4.3900000	60.948088
4.4000000	61.099091
4.4100000	61.034106
4.4200000	61.162892
4.4300000	61.155826
4.4400000	61.202806
4.4500000	60.862807
4.4600000	60.891924
4.4700000	60.855858
4.4800000	60.472521
4.4900000	59.925216
4.5000000	59.520527
4.5100000	58.688415
4.5200000	58.478278
4.5300000	58.242772
4.5400000	57.660545
4.5500000	57.571377
4.5600000	57.112319
4.5700000	57.053928
4.5800000	56.820453
4.5900000	56.021078
4.6000000	55.211461
4.6100000	54.619900
4.6200000	53.876188
4.6300000	53.287227
4.6400000	53.065727
4.6500000	52.639507
4.6600000	52.253676
4.6700000	52.325049
4.6800000	52.199660
4.6900000	52.360522
4.7000000	52.889800
4.7100000	53.808857
4.7200000	56.274822
4.7300000	63.265549
4.7400000	83.069611
4.7500000	132.39762
4.7600000	225.03559
4.7700000	304.67064
4.7800000	272.69292
4.7900000	176.31431
4.8000000	106.68954
4.8100000	72.344845
4.8200000	58.243192
4.8300000	52.747729
4.8400000	50.561496
4.8500000	49.518762
4.8600000	48.847352
4.8700000	48.074231
4.8800000	48.427015
4.8900000	49.751174
4.9000000	51.506654
4.9100000	54.650255
4.9200000	61.019075
4.9300000	74.920856
4.9400000	109.93823
4.9500000	198.95670
4.9600000	417.08349
4.9700000	852.25113
4.9800000	1326.7558
4.9900000	1306.3091
5.0000000	823.76928
5.0100000	417.25914
5.0200000	204.23046
5.0300000	109.45004
5.0400000	71.932518
5.0500000	56.362056
5.0600000	49.335217
5.0700000	45.894658
5.0800000	43.746806
5.0900000	41.856130
5.1000000	40.075004
5.1100000	38.648840
5.1200000	37.724985
5.1300000	36.615778
5.1400000	36.023368
5.1500000	35.621208
5.1600000	35.166874
5.1700000	34.177923
5.1800000	33.234695
5.1900000	32.351084
5.2000000	31.560648
5.2100000	31.046046
5.2200000	30.470947
5.2300000	29.881486
5.2400000	29.341108
5.2500000	28.862082
5.2600000	28.423985
5.2700000	28.540421
5.2800000	28.497992
5.2900000	28.592560
5.3000000	29.717516
5.3100000	32.424749
5.3200000	33.509677
5.3300000	30.919992
5.3400000	28.183116
5.3500000	26.921075
5.3600000	26.377698
5.3700000	26.083153
5.3800000	25.977962
5.3900000	25.762544
5.4000000	25.915703
5.4100000	25.871627
5.4200000	25.910751
5.4300000	25.940988
5.4400000	26.133411
5.4500000	26.932841
5.4600000	27.375535
5.4700000	28.083575
5.4800000	28.372014
5.4900000	28.660785
5.5000000	28.820295
5.5100000	29.299062
5.5200000	30.199774
5.5300000	31.396239
5.5400000	31.731461
5.5500000	30.696143
5.5600000	29.789636
5.5700000	29.440505
5.5800000	29.146982
5.5900000	29.139587
5.6000000	29.240774
5.6100000	29.483078
5.6200000	29.655558
5.6300000	30.002436
5.6400000	30.186758
5.6500000	30.663107
5.6600000	31.183077
5.6700000	32.254515
5.6800000	33.633709
5.6900000	36.400511
5.7000000	41.858314
5.7100000	55.693526
5.7200000	91.275599
5.7300000	183.22710
5.7400000	384.34566
5.7500000	637.37274
5.7600000	673.39777
5.7700000	453.09871
5.7800000	240.00240
5.7900000	122.58498
5.8000000	69.282182
5.8100000	48.196773
5.8200000	39.753512
5.8300000	36.393518
5.8400000	34.680667
5.8500000	33.761661
5.8600000	33.292648
5.8700000	33.076927
5.8800000	32.573412
5.8900000	32.055367
5.9000000	31.787070
5.9100000	31.797265
5.9200000	32.032494
5.9300000	32.013753
5.9400000	32.530721
5.9500000	33.008792
5.9600000	33.760792
5.9700000	33.734579
5.9800000	33.673655
5.9900000	33.336988
6.0000000	32.843404
6.0100000	32.393760
6.0200000	32.379336
6.0300000	32.373950
6.0400000	32.188054
6.0500000	32.140890
6.0600000	32.210476
6.0700000	32.550903
6.0800000	32.694557
6.0900000	32.853291
6.1000000	33.098989
6.1100000	33.010039
6.1200000	33.425211
6.1300000	34.044589
6.1400000	34.497245
6.1500000	34.784545
6.1600000	34.942159
6.1700000	35.595762
6.1800000	36.563032
6.1900000	37.344537
6.2000000	38.711667
6.2100000	41.392699
6.2200000	45.746525
6.2300000	53.884676
6.2400000	64.143959
6.2500000	81.976336
6.2600000	117.31909
6.2700000	149.56101
6.2800000	140.42465
6.2900000	103.95471
6.3000000	74.452963
6.3100000	59.423048
6.3200000	53.506581
6.3300000	51.948010
6.3400000	52.379639
6.3500000	54.994654
6.3600000	59.921307
6.3700000	68.362812
6.3800000	86.957029
6.3900000	131.27868
6.4000000	241.65677
6.4100000	513.11115
6.4200000	1075.5150
6.4300000	1742.7788
6.4400000	1822.9344
6.4500000	1252.4081
6.4600000	673.33821
6.4700000	334.35114
6.4800000	174.76716
6.4900000	107.95075
6.5000000	81.401787
6.5100000	70.325768
6.5200000	63.782410
6.5300000	58.514127
6.5400000	55.270722
6.5500000	53.435833
6.5600000	52.154249
6.5700000	50.614816
6.5800000	49.469832
6.5900000	48.299134
6.6000000	47.289047
6.6100000	46.637630
6.6200000	45.758564
6.6300000	44.948357
6.6400000	44.590405
6.6500000	44.421738
6.6600000	43.943076
6.6700000	43.149481
6.6800000	42.692263
6.6900000	42.137763
6.7000000	41.314080
6.7100000	41.072464
6.7200000	40.729499
6.7300000	40.492728
6.7400000	40.373653
6.7500000	40.049362
6.7600000	39.714875
6.7700000	40.169955
6.7800000	40.326956
6.7900000	40.394411
6.8000000	40.235307
6.8100000	39.999196
6.8200000	40.151971
6.8300000	40.422207
6.8400000	40.675817
6.8500000	40.804716
6.8600000	41.120386
6.8700000	41.647379
6.8800000	42.081491
6.8900000	42.449927
6.9000000	43.279742
6.9100000	43.995068
6.9200000	44.359902
6.9300000	45.108841
6.9400000	46.221270
6.9500000	47.657668
6.9600000	49.561107
6.9700000	52.526704
6.9800000	57.631928
6.9900000	67.913389
7.0000000	90.947278
7.0100000	145.29224
7.0200000	277.59929
7.0300000	574.49432
7.0400000	1052.1169
7.0500000	1367.3384
7.0600000	1151.3520
7.0700000	695.94270
7.0800000	365.53719
7.0900000	190.81344
7.1000000	110.24227
7.1100000	76.466861
7.1200000	61.921965
7.1300000	55.087412
7.1400000	51.522080
7.1500000	49.438093
7.1600000	47.839592
7.1700000	46.524062
7.1800000	45.503201
7.1900000	44.480518
7.2000000	43.779767
7.2100000	43.209165
7.2200000	42.531163
7.2300000	42.195335
7.2400000	41.834209
7.2500000	41.366163
7.2600000	41.294975
7.2700000	41.117522
7.2800000	40.612836
7.2900000	40.387317
7.3000000	39.999111
7.3100000	39.802912
7.3200000	39.447794
7.3300000	39.053336
7.3400000	38.866694
7.3500000	38.347616
7.3600000	38.108392
7.3700000	38.094233
7.3800000	38.107706
7.3900000	38.251876
7.4000000	38.048536
7.4100000	38.342029
7.4200000	38.611717
7.4300000	40.262537
7.4400000	44.105436
7.4500000	52.941926
7.4600000	72.791835
7.4700000	102.34226
7.4800000	116.31896
7.4900000	98.713206
7.5000000	71.893570
7.5100000	54.322050
7.5200000	45.375324
7.5300000	40.810752
7.5400000	38.329528
7.5500000	37.134405
7.5600000	36.645144
7.5700000	36.185046
7.5800000	35.993800
7.5900000	35.668382
7.6000000	35.344628
7.6100000	35.320450
7.6200000	35.234743
7.6300000	34.987966
7.6400000	34.950908
7.6500000	34.820626
7.6600000	34.716041
7.6700000	34.725910
7.6800000	34.369988
7.6900000	34.183355
7.7000000	34.160588
7.7100000	34.017251
7.7200000	33.783231
7.7300000	33.825793
7.7400000	33.785134
7.7500000	33.817361
7.7600000	33.802379
7.7700000	33.848525
7.7800000	33.586290
7.7900000	33.781374
7.8000000	33.592074
7.8100000	33.612203
7.8200000	33.854892
7.8300000	34.137700
7.8400000	34.188672
7.8500000	34.035602
7.8600000	34.194466
7.8700000	34.107277
7.8800000	34.064134
7.8900000	34.002266
7.9000000	33.931840
7.9100000	33.803399
7.9200000	33.799306
7.9300000	33.573223
7.9400000	33.360033
7.9500000	33.174909
7.9600000	33.302020
7.9700000	33.320477
7.9800000	33.528178
7.9900000	33.494337
8.0000000	33.563540
8.0100000	33.852671
8.0200000	34.048916
8.0300000	34.445708
8.0400000	34.928638
8.0500000	35.313198
8.0600000	36.313489
8.0700000	38.303160
8.0800000	41.202397
8.0900000	47.263319
8.1000000	61.599670
8.1100000	95.155351
8.1200000	171.20180
8.1300000	304.11526
8.1400000	419.72217
8.1500000	396.46778
8.1600000	271.99495
8.1700000	160.36943
8.1800000	95.410617
8.1900000	64.478764
8.2000000	50.958260
8.2100000	44.031797
8.2200000	40.024576
8.2300000	37.766873
8.2400000	36.711470
8.2500000	36.037198
8.2600000	35.506013
8.2700000	35.295467
8.2800000	35.111258
8.2900000	35.046623
8.3000000	34.888871
8.3100000	34.743723
8.3200000	34.709234
8.3300000	34.770221
8.3400000	35.085733
8.3500000	35.299404
8.3600000	35.289932
8.3700000	35.513384
8.3800000	36.031884
8.3900000	36.993228
8.4000000	37.972740
8.4100000	38.771447
8.4200000	38.791909
8.4300000	37.966597
8.4400000	37.861210
8.4500000	38.341398
8.4600000	39.484472
8.4700000	41.483683
8.4800000	46.234271
8.4900000	56.906453
8.5000000	77.896831
8.5100000	103.69863
8.5200000	111.38021
8.5300000	94.369305
8.5400000	73.091426
8.5500000	59.511141
8.5600000	53.887858
8.5700000	54.269067
8.5800000	61.303131
8.5900000	79.967269
8.6000000	124.57776
8.6100000	228.07563
8.6200000	437.69633
8.6300000	714.02133
8.6400000	821.80765
8.6500000	646.69516
8.6600000	393.38355
8.6700000	217.96640
8.6800000	123.91674
8.6900000	79.857403
8.7000000	60.889398
8.7100000	52.436455
8.7200000	48.251509
8.7300000	46.207350
8.7400000	45.074615
8.7500000	44.018648
8.7600000	42.924928
8.7700000	42.472894
8.7800000	41.876192
8.7900000	41.154820
8.8000000	40.584699
8.8100000	40.436636
8.8200000	40.175714
8.8300000	39.921421
8.8400000	39.606912
8.8500000	39.265347
8.8600000	39.142225
8.8700000	39.383899
8.8800000	39.116111
8.8900000	38.772133
8.9000000	38.705801
8.9100000	38.784486
8.9200000	38.675816
8.9300000	38.774564
8.9400000	38.806174
8.9500000	38.804493
8.9600000	38.935855
8.9700000	39.203083
8.9800000	39.465778
8.9900000	39.925423
9.0000000	40.481032
9.0100000	40.883752
9.0200000	42.151804
9.0300000	43.873478
9.0400000	46.865953
9.0500000	52.814835
9.0600000	66.721119
9.0700000	99.994727
9.0800000	177.41326
9.0900000	330.82978
9.1000000	512.56099
9.1100000	549.38225
9.1200000	411.09593
9.1300000	249.26206
9.1400000	142.87494
9.1500000	86.297904
9.1600000	61.007869
9.1700000	50.150286
9.1800000	45.643202
9.1900000	43.731459
9.2000000	42.702747
9.2100000	42.413909
9.2200000	42.200287
9.2300000	40.921497
9.2400000	39.745379
9.2500000	38.857869
9.2600000	38.197662
9.2700000	37.979494
9.2800000	37.679545
9.2900000	37.419772
9.3000000	37.053142
9.3100000	36.980063
9.3200000	36.976333
9.3300000	36.693693
9.3400000	36.711261
9.3500000	36.667523
9.3600000	36.706853
9.3700000	36.695542
9.3800000	36.970549
9.3900000	37.674898
9.4000000	38.850658
9.4100000	41.017430
9.4200000	45.473434
9.4300000	53.332630
9.4400000	59.599294
9.4500000	58.325410
9.4600000	51.975108
9.4700000	46.671376
9.4800000	44.605086
9.4900000	46.313218
9.5000000	53.110549
9.5100000	70.733837
9.5200000	111.99914
9.5300000	201.14212
9.5400000	345.08717
9.5500000	453.27520
9.5600000	412.98867
9.5700000	280.35788
9.5800000	166.93134
9.5900000	99.422635
9.6000000	65.606436
9.6100000	50.133319
9.6200000	43.180009
9.6300000	39.791400
9.6400000	38.031701
9.6500000	37.185053
9.6600000	36.465377
9.6700000	35.676828
9.6800000	35.100068
9.6900000	35.075267
9.7000000	34.467528
9.7100000	33.760603
9.7200000	33.752625
9.7300000	33.450788
9.7400000	33.442444
9.7500000	33.665844
9.7600000	34.212272
9.7700000	34.789598
9.7800000	34.922303
9.7900000	34.332447
9.8000000	33.421225
9.8100000	32.799610
9.8200000	32.444702
9.8300000	32.337389
9.8400000	32.406573
9.8500000	32.277885
9.8600000	32.178420
9.8700000	32.425626
9.8800000	32.839191
9.8900000	32.901624
9.9000000	33.259901
9.9100000	34.172990
9.9200000	35.587383
9.9300000	39.232044
9.9400000	46.707521
9.9500000	62.904761
9.9600000	93.288747
9.9700000	129.97007
9.9800000	143.92889
9.9900000	120.89017
10.000000	85.867648
10.010000	59.982652
10.020000	45.562080
10.030000	38.487297
10.040000	35.315732
10.050000	33.830725
10.060000	33.246779
10.070000	32.991284
10.080000	32.835514
10.090000	32.720496
10.100000	32.649423
10.110000	32.474290
10.120000	32.478662
10.130000	32.562537
10.140000	32.744149
10.150000	33.060364
10.160000	33.061150
10.170000	33.207179
10.180000	33.367222
10.190000	33.603732
10.200000	33.917948
10.210000	34.307068
10.220000	34.651152
10.230000	35.177041
10.240000	36.408476
10.250000	39.079463
10.260000	44.473460
10.270000	54.706617
10.280000	65.628060
10.290000	67.806814
10.300000	60.638697
10.310000	51.954555
10.320000	47.203958
10.330000	48.002134
10.340000	56.218079
10.350000	77.056158
10.360000	122.97412
10.370000	207.63459
10.380000	302.31524
10.390000	324.64172
10.400000	256.77764
10.410000	168.03063
10.420000	104.37969
10.430000	68.869632
10.440000	51.407509
10.450000	43.756333
10.460000	40.254759
10.470000	38.532027
10.480000	37.540763
10.490000	36.865061
10.500000	36.362330
10.510000	36.101041
10.520000	36.080360
10.530000	35.775640
10.540000	35.564670
10.550000	35.462696
10.560000	35.441275
10.570000	35.477335
10.580000	35.732492
10.590000	35.751276
10.600000	35.830732
10.610000	35.890632
10.620000	35.999584
10.630000	36.276805
10.640000	36.778989
10.650000	37.108165
10.660000	37.323498
10.670000	37.762719
10.680000	38.637347
10.690000	39.550427
10.700000	41.004238
10.710000	44.359415
10.720000	50.819580
10.730000	63.964407
10.740000	93.083246
10.750000	155.82356
10.760000	275.60610
10.770000	436.86134
10.780000	526.44314
10.790000	458.11167
10.800000	310.95527
10.810000	187.16592
10.820000	111.34205
10.830000	72.271610
10.840000	53.911232
10.850000	45.548164
10.860000	41.631298
10.870000	39.528574
10.880000	38.278602
10.890000	37.461492
10.900000	36.715979
10.910000	36.141950
10.920000	35.681728
10.930000	35.395681
10.940000	35.204075
10.950000	34.991812
10.960000	34.524816
10.970000	34.030221
10.980000	34.039128
10.990000	34.025121
11.000000	33.987445
11.010000	34.181846
11.020000	35.260638
11.030000	37.750342
11.040000	43.328261
11.050000	52.791025
11.060000	62.780900
11.070000	64.505930
11.080000	56.500669
11.090000	46.547395
11.100000	39.578035
11.110000	35.633658
11.120000	34.111327
11.130000	33.731144
11.140000	33.087230
11.150000	32.089973
11.160000	31.318885
11.170000	30.834300
11.180000	30.677672
11.190000	30.658797
11.200000	30.648975
11.210000	30.409201
11.220000	30.117382
11.230000	30.437982
11.240000	30.314358
11.250000	30.020522
11.260000	30.031612
11.270000	30.199388
11.280000	30.521784
11.290000	30.713354
11.300000	30.870969
11.310000	30.474220
11.320000	30.229049
11.330000	29.957147
11.340000	29.763981
11.350000	30.097825
11.360000	30.203752
11.370000	30.277161
11.380000	30.227369
11.390000	30.312767
11.400000	30.232191
11.410000	30.176130
11.420000	30.254911
11.430000	30.632515
11.440000	30.902624
11.450000	31.022071
11.460000	31.305302
11.470000	32.070112
11.480000	33.459375
11.490000	37.001168
11.500000	44.315156
11.510000	58.324430
11.520000	74.649641
11.530000	79.286445
11.540000	68.579251
11.550000	53.583567
11.560000	43.229503
11.570000	37.518665
11.580000	34.302777
11.590000	33.069373
11.600000	32.329365
11.610000	32.145425
11.620000	32.358616
11.630000	32.415643
11.640000	32.482323
11.650000	32.582195
11.660000	32.654409
11.670000	33.149447
11.680000	33.119752
11.690000	33.137559
11.700000	33.491026
11.710000	33.793789
11.720000	33.873855
11.730000	34.320952
11.740000	34.998262
11.750000	35.444805
11.760000	36.603009
11.770000	38.650798
11.780000	41.699954
11.790000	44.726780
11.800000	46.102626
11.810000	46.264025
11.820000	47.546412
11.830000	53.200384
11.840000	67.794899
11.850000	100.65488
11.860000	165.95392
11.870000	265.75794
11.880000	346.97196
11.890000	336.90730
11.900000	252.42200
11.910000	163.47299
11.920000	103.05735
11.930000	69.454351
11.940000	52.940810
11.950000	45.312508
11.960000	41.488579
11.970000	39.917170
11.980000	38.845052
11.990000	38.028637
12.000000	37.550203
12.010000	37.215188
12.020000	36.756128
12.030000	36.447805
12.040000	36.441552
12.050000	36.303259
12.060000	36.316504
12.070000	36.249932
12.080000	35.929414
12.090000	36.001721
12.100000	35.984452
12.110000	36.353611
12.120000	36.432781
12.130000	36.938903
12.140000	37.368520
12.150000	38.036690
12.160000	39.702332
12.170000	42.624118
12.180000	48.984456
12.190000	62.874020
12.200000	92.544228
12.210000	146.35530
12.220000	213.17933
12.230000	245.88485
12.240000	214.60460
12.250000	153.44408
12.260000	101.26169
12.270000	68.608564
12.280000	51.290240
12.290000	43.229665
12.300000	39.495981
12.310000	37.730429
12.320000	37.022239
12.330000	36.470649
12.340000	36.173715
12.350000	35.898375
12.360000	35.520213
12.370000	35.052049
12.380000	34.786270
12.390000	34.881927
12.400000	34.695497
12.410000	34.908743
12.420000	35.034277
12.430000	35.241940
12.440000	36.014774
12.450000	37.446370
12.460000	40.606759
12.470000	45.098912
12.480000	48.589395
12.490000	48.645263
12.500000	46.497502
12.510000	45.355679
12.520000	48.107724
12.530000	57.598898
12.540000	78.128949
12.550000	111.32132
12.560000	143.65703
12.570000	149.89125
12.580000	125.78904
12.590000	91.985414
12.600000	65.640358
12.610000	49.810108
12.620000	41.521837
12.630000	37.292311
12.640000	35.343451
12.650000	34.504244
12.660000	33.898083
12.670000	33.598715
12.680000	33.404202
12.690000	32.958599
12.700000	32.901620
12.710000	33.153380
12.720000	32.974752
12.730000	32.978235
12.740000	32.989206
12.750000	33.024489
12.760000	32.906701
12.770000	32.898447
12.780000	33.066718
12.790000	33.295222
12.800000	33.535526
12.810000	33.815425
12.820000	34.468213
12.830000	35.822542
12.840000	38.523059
12.850000	43.989265
12.860000	55.217338
12.870000	77.035959
12.880000	109.59333
12.890000	136.83078
12.900000	136.30924
12.910000	110.78110
12.920000	80.795292
12.930000	58.541570
12.940000	45.673190
12.950000	39.101628
12.960000	36.343049
12.970000	35.070293
12.980000	34.408581
12.990000	33.958861
13.000000	33.927147
13.010000	33.749785
13.020000	33.717343
13.030000	33.642603
13.040000	33.638203
13.050000	33.735399
13.060000	34.009035
13.070000	33.961918
13.080000	34.527044
13.090000	35.544126
13.100000	37.069055
13.110000	39.663227
13.120000	44.082082
13.130000	48.265450
13.140000	49.616849
13.150000	48.992900
13.160000	50.201744
13.170000	57.384331
13.180000	76.540041
13.190000	114.45903
13.200000	170.45060
13.210000	216.65595
13.220000	215.37975
13.230000	170.48001
13.240000	118.03408
13.250000	79.345189
13.260000	56.651364
13.270000	44.862289
13.280000	39.137201
13.290000	36.546562
13.300000	35.079738
13.310000	34.181006
13.320000	33.766544
13.330000	33.339443
13.340000	32.991591
13.350000	32.867360
13.360000	32.665769
13.370000	32.455845
13.380000	32.318790
13.390000	32.123275
13.400000	32.265381
13.410000	32.155448
13.420000	31.935090
13.430000	32.207270
13.440000	32.782778
13.450000	33.399519
13.460000	34.242429
13.470000	35.967589
13.480000	39.665192
13.490000	47.398110
13.500000	61.866923
13.510000	83.577267
13.520000	104.70176
13.530000	109.89410
13.540000	95.834188
13.550000	73.697541
13.560000	55.334411
13.570000	43.661836
13.580000	37.271908
13.590000	34.142791
13.600000	32.457911
13.610000	31.324796
13.620000	30.685230
13.630000	30.405369
13.640000	30.264142
13.650000	29.776625
13.660000	29.704331
13.670000	29.596090
13.680000	29.662153
13.690000	29.583549
13.700000	29.636161
13.710000	30.075499
13.720000	30.496050
13.730000	31.332451
13.740000	33.304791
13.750000	35.121121
13.760000	35.589657
13.770000	34.006779
13.780000	32.043388
13.790000	30.592230
13.800000	29.530514
13.810000	29.163671
13.820000	28.856545
13.830000	28.694217
13.840000	28.515916
13.850000	28.422864
13.860000	28.505542
13.870000	28.411927
13.880000	28.237427
13.890000	28.257719
13.900000	28.098974
13.910000	28.310036
13.920000	28.447295
13.930000	28.564738
13.940000	28.415336
13.950000	28.405630
13.960000	28.504980
13.970000	28.600218
13.980000	28.632473
13.990000	28.592069
14.000000	28.670414
14.010000	28.969625
14.020000	29.076199
14.030000	29.123907
14.040000	29.299059
14.050000	29.821989
14.060000	30.443524
14.070000	31.701472
14.080000	34.236842
14.090000	39.056556
14.100000	47.962327
14.110000	63.250640
14.120000	82.362727
14.130000	94.358298
14.140000	90.037112
14.150000	74.012995
14.160000	56.463802
14.170000	44.386826
14.180000	37.311598
14.190000	33.804689
14.200000	32.010186
14.210000	31.027763
14.220000	30.639456
14.230000	30.473155
14.240000	30.383300
14.250000	30.512934
14.260000	30.452645
14.270000	30.552652
14.280000	30.728425
14.290000	30.894214
14.300000	31.163522
14.310000	31.853090
14.320000	32.881650
14.330000	34.992345
14.340000	37.616410
14.350000	39.387445
14.360000	39.958061
14.370000	40.573752
14.380000	43.044334
14.390000	50.079947
14.400000	64.621073
14.410000	86.038816
14.420000	104.68220
14.430000	106.43939
14.440000	90.740522
14.450000	69.732937
14.460000	53.502839
14.470000	43.223238
14.480000	37.809216
14.490000	35.491617
14.500000	34.395846
14.510000	33.493223
14.520000	33.018076
14.530000	32.800644
14.540000	32.913429
14.550000	33.023023
14.560000	33.115123
14.570000	33.345575
14.580000	33.477489
14.590000	33.457297
14.600000	33.567113
14.610000	34.124186
14.620000	34.746384
14.630000	35.510362
14.640000	36.948600
14.650000	39.703382
14.660000	45.354011
14.670000	56.515567
14.680000	78.347782
14.690000	115.47310
14.700000	163.10236
14.710000	195.42367
14.720000	187.59515
14.730000	148.91018
14.740000	105.72977
14.750000	73.216634
14.760000	54.240572
14.770000	44.540014
14.780000	39.363093
14.790000	37.189715
14.800000	35.926864
14.810000	35.389721
14.820000	34.929167
14.830000	34.521003
14.840000	34.077558
14.850000	34.280239
14.860000	34.160763
14.870000	33.943817
14.880000	34.090955
14.890000	34.838669
14.900000	36.144361
14.910000	37.863854
14.920000	39.545132
14.930000	40.303031
14.940000	40.902902
14.950000	43.267990
14.960000	49.748238
14.970000	62.547421
14.980000	81.091623
14.990000	96.428656
15.000000	96.769149
15.010000	82.616907
15.020000	64.472734
15.030000	50.039745
15.040000	41.193026
15.050000	36.559935
15.060000	34.292173
15.070000	33.138023
15.080000	32.441082
15.090000	31.990152
15.100000	31.620743
15.110000	31.478842
15.120000	31.507356
15.130000	31.225807
15.140000	30.936893
15.150000	30.868514
15.160000	30.763842
15.170000	30.547931
15.180000	30.436504
15.190000	30.414370
15.200000	30.412018
15.210000	30.224718
15.220000	30.224336
15.230000	30.306379
15.240000	30.442640
15.250000	30.355636
15.260000	30.153237
15.270000	30.105565
15.280000	30.068710
15.290000	29.924326
15.300000	30.033742
15.310000	30.024104
15.320000	30.157315
15.330000	30.193407
15.340000	30.299696
15.350000	30.345208
15.360000	30.538933
15.370000	30.744857
15.380000	30.680132
15.390000	30.719261
15.400000	30.920698
15.410000	31.112709
15.420000	31.622784
15.430000	31.985311
15.440000	32.541049
15.450000	33.267732
15.460000	34.553257
15.470000	36.397338
15.480000	38.975381
15.490000	42.729451
15.500000	50.253320
15.510000	64.866904
15.520000	90.063831
15.530000	122.38204
15.540000	146.62293
15.550000	145.90816
15.560000	121.61186
15.570000	90.607934
15.580000	65.510564
15.590000	49.719189
15.600000	41.084705
15.610000	36.659947
15.620000	34.372559
15.630000	33.786588
15.640000	32.991176
15.650000	32.161924
15.660000	32.011207
15.670000	31.734095
15.680000	31.896676
15.690000	31.758675
15.700000	31.576279
15.710000	31.804479
15.720000	31.873691
15.730000	32.352710
15.740000	33.256304
15.750000	34.328208
15.760000	37.221407
15.770000	42.877973
15.780000	53.841487
15.790000	71.470826
15.800000	91.846746
15.810000	103.86175
15.820000	99.226266
15.830000	82.060395
15.840000	62.639662
15.850000	48.026748
15.860000	39.415603
15.870000	35.049758
15.880000	32.728006
15.890000	31.664642
15.900000	31.012735
15.910000	30.555453
15.920000	30.291638
15.930000	30.077734
15.940000	30.050937
15.950000	29.767445
15.960000	29.882063
15.970000	30.046204
15.980000	30.285248
15.990000	30.648755
16.000000	31.231885
16.010000	31.279108
16.020000	31.023607
16.030000	30.406083
16.040000	29.838792
16.050000	29.441881
16.060000	29.046085
16.070000	28.777928
16.080000	28.670650
16.090000	28.571592
16.100000	28.603046
16.110000	28.637704
16.120000	28.430758
16.130000	28.342733
16.140000	28.567634
16.150000	28.385310
16.160000	28.341194
16.170000	28.189569
16.180000	28.404391
16.190000	28.649358
16.200000	28.529111
16.210000	28.549746
16.220000	28.490771
16.230000	28.375818
16.240000	28.456704
16.250000	28.632428
16.260000	28.795381
16.270000	29.039366
16.280000	29.633985
16.290000	30.768304
16.300000	32.488679
16.310000	35.810078
16.320000	39.841024
16.330000	43.065889
16.340000	43.192428
16.350000	40.533827
16.360000	36.637961
16.370000	33.291976
16.380000	31.217110
16.390000	30.044962
16.400000	29.468664
16.410000	29.375060
16.420000	29.224779
16.430000	29.283020
16.440000	29.526126
16.450000	29.417171
16.460000	29.443902
16.470000	29.550445
16.480000	30.118816
16.490000	30.944666
16.500000	31.870697
16.510000	33.211323
16.520000	34.985037
16.530000	36.658775
16.540000	38.891637
16.550000	43.149258
16.560000	51.492472
16.570000	64.434399
16.580000	77.886829
16.590000	83.802748
16.600000	78.793026
16.610000	65.898665
16.620000	52.207457
16.630000	42.348423
16.640000	36.518080
16.650000	33.396223
16.660000	31.818099
16.670000	30.817021
16.680000	30.399386
16.690000	30.101865
16.700000	29.768069
16.710000	29.655178
16.720000	29.986984
16.730000	29.904233
16.740000	30.108449
16.750000	30.204516
16.760000	30.504977
16.770000	31.100243
16.780000	32.614536
16.790000	34.848547
16.800000	39.222347
16.810000	47.364261
16.820000	59.033580
16.830000	71.490413
16.840000	78.453394
16.850000	75.491003
16.860000	64.640447
16.870000	52.077597
16.880000	42.504997
16.890000	36.690723
16.900000	33.478921
16.910000	31.650400
16.920000	30.744533
16.930000	30.049643
16.940000	29.758336
16.950000	29.687968
16.960000	29.783452
16.970000	29.756513
16.980000	30.047198
16.990000	30.498634
17.000000	31.008627
17.010000	31.731018
17.020000	32.871452
17.030000	34.175973
17.040000	36.466417
17.050000	40.713064
17.060000	48.388520
17.070000	59.499030
17.080000	70.545545
17.090000	75.044612
17.100000	70.006799
17.110000	59.369891
17.120000	48.217605
17.130000	39.666527
17.140000	34.798574
17.150000	32.209962
17.160000	30.845733
17.170000	30.111023
17.180000	29.891255
17.190000	29.675110
17.200000	29.360832
17.210000	29.279048
17.220000	29.086707
17.230000	29.087971
17.240000	29.401758
17.250000	29.563582
17.260000	29.642839
17.270000	30.328448
17.280000	31.282498
17.290000	33.420125
17.300000	37.206403
17.310000	42.789364
17.320000	49.570436
17.330000	54.229063
17.340000	54.057769
17.350000	49.110706
17.360000	42.395883
17.370000	36.838479
17.380000	33.243175
17.390000	31.194246
17.400000	30.317505
17.410000	29.643838
17.420000	29.166752
17.430000	28.937668
17.440000	29.270759
17.450000	29.173323
17.460000	29.278145
17.470000	29.365879
17.480000	29.576179
17.490000	29.845607
17.500000	30.245748
17.510000	30.711290
17.520000	31.557819
17.530000	32.903769
17.540000	35.312470
17.550000	39.592736
17.560000	45.256073
17.570000	49.757377
17.580000	50.027702
17.590000	45.909301
17.600000	40.238820
17.610000	35.570910
17.620000	32.513473
17.630000	30.882262
17.640000	30.174858
17.650000	29.757656
17.660000	29.591424
17.670000	29.647072
17.680000	29.540100
17.690000	29.635399
17.700000	29.848241
17.710000	29.837980
17.720000	29.898080
17.730000	30.442786
17.740000	31.130941
17.750000	32.239469
17.760000	34.611871
17.770000	39.150481
17.780000	47.439597
17.790000	59.713230
17.800000	73.440466
17.810000	82.491856
17.820000	81.583976
17.830000	70.839334
17.840000	57.187981
17.850000	45.758352
17.860000	37.943023
17.870000	33.603442
17.880000	31.557825
17.890000	30.539454
17.900000	29.765125
17.910000	29.400325
17.920000	29.325216
17.930000	29.157025
17.940000	29.120833
17.950000	29.325440
17.960000	29.330810
17.970000	29.526129
17.980000	29.514838
17.990000	29.754335
18.000000	29.558802
18.010000	29.386752
18.020000	28.840473
18.030000	28.513075
18.040000	28.319174
18.050000	28.291572
18.060000	28.291669
18.070000	28.210290
18.080000	27.980825
18.090000	28.008083
18.100000	28.046192
18.110000	27.989081
18.120000	27.837035
18.130000	28.011437
18.140000	28.005049
18.150000	28.028166
18.160000	28.056428
18.170000	28.236852
18.180000	28.313320
18.190000	28.356518
18.200000	28.469838
18.210000	28.884261
18.220000	29.290571
18.230000	30.090690
18.240000	31.640501
18.250000	34.490404
18.260000	38.466717
18.270000	42.458920
18.280000	44.427255
18.290000	43.230174
18.300000	39.632209
18.310000	35.687244
18.320000	32.644323
18.330000	30.706412
18.340000	29.679311
18.350000	29.402600
18.360000	29.297393
18.370000	29.381756
18.380000	29.343066
18.390000	29.541250
18.400000	29.743779
18.410000	29.772608
18.420000	30.386434
18.430000	30.875625
18.440000	31.825636
18.450000	33.635227
18.460000	36.983187
18.470000	43.047783
18.480000	53.311101
18.490000	66.862273
18.500000	79.858322
18.510000	85.919992
18.520000	81.367432
18.530000	68.949094
18.540000	54.900536
18.550000	44.308665
18.560000	37.453151
18.570000	33.744618
18.580000	31.793014
18.590000	30.843768
18.600000	30.203715
18.610000	29.989833
18.620000	29.930018
18.630000	29.725221
18.640000	29.809572
18.650000	29.894578
18.660000	30.074618
18.670000	30.633300
18.680000	31.751798
18.690000	33.490394
18.700000	36.665960
18.710000	41.805387
18.720000	48.073713
18.730000	52.735179
18.740000	53.898624
18.750000	50.726847
18.760000	44.931107
18.770000	38.804645
18.780000	34.328219
18.790000	31.905828
18.800000	30.422999
18.810000	29.705270
18.820000	29.212075
18.830000	28.807176
18.840000	28.593296
18.850000	28.796255
18.860000	28.884654
18.870000	28.880241
18.880000	29.263001
18.890000	29.721971
18.900000	30.203529
18.910000	30.831371
18.920000	32.111304
18.930000	33.736724
18.940000	36.003208
18.950000	38.585453
18.960000	39.868173
18.970000	39.011774
18.980000	36.715432
18.990000	33.582822
19.000000	31.298783
19.010000	29.926930
19.020000	29.043513
19.030000	28.400810
19.040000	28.149482
19.050000	28.147259
19.060000	28.051742
19.070000	28.118823
19.080000	28.066198
19.090000	27.997277
19.100000	28.058361
19.110000	28.128744
19.120000	28.357509
19.130000	29.059680
19.140000	30.308439
19.150000	32.043775
19.160000	34.657055
19.170000	37.356343
19.180000	38.905920
19.190000	38.616099
19.200000	36.538955
19.210000	33.813025
19.220000	31.227628
19.230000	29.656764
19.240000	28.750669
19.250000	28.556116
19.260000	28.295983
19.270000	27.899407
19.280000	28.149243
19.290000	28.178680
19.300000	28.605759
19.310000	28.980266
19.320000	29.284193
19.330000	29.829416
19.340000	31.110145
19.350000	32.919856
19.360000	36.135694
19.370000	40.992782
19.380000	47.963693
19.390000	54.867385
19.400000	58.318393
19.410000	56.510656
19.420000	50.789123
19.430000	43.635480
19.440000	37.507958
19.450000	33.227811
19.460000	30.835548
19.470000	29.299257
19.480000	28.736523
19.490000	28.472356
19.500000	28.209191
19.510000	28.144845
19.520000	28.191343
19.530000	28.231378
19.540000	28.210925
19.550000	28.778957
19.560000	29.507327
19.570000	30.858920
19.580000	33.257240
19.590000	36.704250
19.600000	41.400336
19.610000	45.270097
19.620000	46.476402
19.630000	44.480271
19.640000	40.131996
19.650000	35.608190
19.660000	31.947979
19.670000	29.947945
19.680000	28.469017
19.690000	27.705860
19.700000	27.246738
19.710000	27.149275
19.720000	26.952255
19.730000	26.974065
19.740000	26.858528
19.750000	26.671670
19.760000	26.674715
19.770000	26.709320
19.780000	26.606976
19.790000	26.512344
19.800000	26.500021
19.810000	26.394405
19.820000	26.380459
19.830000	26.278550
19.840000	26.113065
19.850000	26.201122
19.860000	26.143212
19.870000	26.046150
19.880000	25.900674
19.890000	26.041201
19.900000	26.125739
19.910000	26.127569
19.920000	26.140648
19.930000	26.157739
19.940000	26.162802
19.950000	26.031638
19.960000	26.068517
19.970000	26.163868
19.980000	26.436894
19.990000	26.242204
20.000000	26.546585
20.010000	26.852749
20.020000	27.392591
20.030000	28.145785
20.040000	28.717760
20.050000	28.707409
20.060000	28.433170
20.070000	28.003820
20.080000	27.577700
20.090000	26.784090
20.100000	26.459601
20.110000	26.607819
20.120000	26.752734
20.130000	26.701184
20.140000	26.692830
20.150000	26.762440
20.160000	26.933307
20.170000	27.133529
20.180000	27.667670
20.190000	28.150971
20.200000	29.336778
20.210000	30.621934
20.220000	33.271404
20.230000	36.915571
20.240000	41.128111
20.250000	44.289723
20.260000	44.344818
20.270000	41.823424
20.280000	37.882023
20.290000	33.968457
20.300000	31.060490
20.310000	29.519403
20.320000	28.617745
20.330000	28.136671
20.340000	28.109764
20.350000	28.251710
20.360000	28.153130
20.370000	28.327179
20.380000	28.309821
20.390000	28.928215
20.400000	29.458294
20.410000	30.750776
20.420000	33.490361
20.430000	37.653066
20.440000	43.205527
20.450000	48.870185
20.460000	52.347998
20.470000	51.997975
20.480000	48.074549
20.490000	42.203974
20.500000	36.740969
20.510000	33.072576
20.520000	30.745792
20.530000	29.455717
20.540000	28.845766
20.550000	28.738662
20.560000	28.451646
20.570000	28.490489
20.580000	28.437750
20.590000	28.504362
20.600000	28.935049
20.610000	29.424751
20.620000	30.308961
20.630000	31.901338
20.640000	34.350713
20.650000	37.422984
20.660000	40.241135
20.670000	41.448822
20.680000	40.397758
20.690000	37.596521
20.700000	34.246119
20.710000	31.464449
20.720000	29.848596
20.730000	28.788787
20.740000	28.294306
20.750000	27.830196
20.760000	27.629916
20.770000	27.713365
20.780000	27.755584
20.790000	27.699015
20.800000	27.889516
20.810000	28.050766
20.820000	28.219173
20.830000	29.023458
20.840000	30.030655
20.850000	31.321637
20.860000	32.820161
20.870000	33.464633
20.880000	33.220485
20.890000	32.315291
20.900000	30.860198
20.910000	29.752877
20.920000	28.711029
20.930000	28.281235
20.940000	27.782355
20.950000	27.549685
20.960000	27.512364
20.970000	27.738048
20.980000	27.843067
20.990000	27.853176
21.000000	28.109070
21.010000	28.783980
21.020000	29.522679
21.030000	31.240529
21.040000	33.994182
21.050000	37.592668
21.060000	41.798668
21.070000	44.703136
21.080000	45.121935
21.090000	42.578005
21.100000	38.598195
21.110000	34.656757
21.120000	31.673826
21.130000	29.825070
21.140000	28.795433
21.150000	28.267560
21.160000	28.066616
21.170000	28.031931
21.180000	28.282859
21.190000	28.658602
21.200000	28.625271
21.210000	29.001482
21.220000	30.059211
21.230000	32.054839
21.240000	35.271169
21.250000	39.800786
21.260000	44.804267
21.270000	48.419254
21.280000	49.052019
21.290000	46.392761
21.300000	41.665162
21.310000	36.641995
21.320000	32.591353
21.330000	30.045232
21.340000	28.649139
21.350000	28.108604
21.360000	27.605680
21.370000	27.323819
21.380000	27.120251
21.390000	26.763515
21.400000	26.749518
21.410000	26.798051
21.420000	26.942132
21.430000	26.878052
21.440000	26.713009
21.450000	26.764181
21.460000	26.605124
21.470000	26.685546
21.480000	26.790438
21.490000	26.452785
21.500000	26.226003
21.510000	26.362209
21.520000	26.397726
21.530000	26.144366
21.540000	26.146545
21.550000	26.131872
21.560000	26.239232
21.570000	26.280308
21.580000	26.535945
21.590000	26.501858
21.600000	26.581091
21.610000	26.921020
21.620000	27.823325
21.630000	28.882080
21.640000	30.285771
21.650000	32.243897
21.660000	34.185434
21.670000	35.364734
21.680000	35.066420
21.690000	33.438925
21.700000	31.449739
21.710000	29.486992
21.720000	27.878238
21.730000	26.879672
21.740000	26.593685
21.750000	26.344890
21.760000	26.378185
21.770000	26.347502
21.780000	26.475645
21.790000	26.854107
21.800000	26.949218
21.810000	27.183573
21.820000	28.026343
21.830000	29.061035
21.840000	30.920150
21.850000	32.735332
21.860000	34.218843
21.870000	34.611682
21.880000	33.640907
21.890000	31.818609
21.900000	29.975639
21.910000	28.333397
21.920000	27.047650
21.930000	26.730918
21.940000	26.388722
21.950000	25.985909
21.960000	25.970954
21.970000	25.845818
21.980000	25.802807
21.990000	25.799918
22.000000	26.300453
22.010000	26.501847
22.020000	26.971059
22.030000	27.939156
22.040000	28.707166
22.050000	29.593337
22.060000	30.243415
22.070000	29.927672
22.080000	28.802205
22.090000	27.897994
22.100000	27.057327
22.110000	26.429296
22.120000	26.489772
22.130000	26.084112
22.140000	25.900379
22.150000	25.957996
22.160000	25.968636
22.170000	26.360998
22.180000	26.526606
22.190000	26.960954
22.200000	27.769000
22.210000	28.918078
22.220000	30.825005
22.230000	33.513614
22.240000	35.931842
22.250000	37.491279
22.260000	37.194172
22.270000	35.216389
22.280000	32.530194
22.290000	30.044563
22.300000	28.235797
22.310000	26.988733
22.320000	26.421263
22.330000	26.185710
22.340000	25.845120
22.350000	25.824468
22.360000	25.814441
22.370000	25.383588
22.380000	25.447030
22.390000	25.322207
22.400000	25.461040
22.410000	25.550045
22.420000	25.508869
22.430000	25.437219
22.440000	25.532144
22.450000	25.433932
22.460000	25.436923
22.470000	25.305742
22.480000	25.459030
22.490000	25.252029
22.500000	25.262371
22.510000	25.472332
22.520000	25.538912
22.530000	25.696074
22.540000	25.750748
22.550000	25.868481
22.560000	25.930686
22.570000	26.133468
22.580000	27.136927
22.590000	28.437435
22.600000	30.131248
22.610000	32.110252
22.620000	33.936329
22.630000	34.983888
22.640000	34.915383
22.650000	33.338660
22.660000	31.276762
22.670000	29.397119
22.680000	27.938877
22.690000	26.814262
22.700000	26.215818
22.710000	26.275044
22.720000	26.124691
22.730000	26.148545
22.740000	26.222056
22.750000	26.609758
22.760000	27.088948
22.770000	28.129746
22.780000	29.819531
22.790000	32.090319
22.800000	34.719795
22.810000	37.137869
22.820000	38.107964
22.830000	37.313521
22.840000	35.011214
22.850000	32.112336
22.860000	29.549356
22.870000	27.756209
22.880000	26.803599
22.890000	26.336733
22.900000	25.997551
22.910000	25.632946
22.920000	25.348613
22.930000	25.376450
22.940000	25.299232
22.950000	25.250861
22.960000	25.024374
22.970000	25.093829
22.980000	25.210490
22.990000	25.177070
23.000000	25.103555
23.010000	24.879450
23.020000	24.939379
23.030000	24.780205
23.040000	24.722060
23.050000	25.030350
23.060000	25.122414
23.070000	25.139549
23.080000	25.148487
23.090000	24.820781
23.100000	25.006882
23.110000	25.038517
23.120000	24.909895
23.130000	25.216101
23.140000	25.127949
23.150000	25.239951
23.160000	25.437866
23.170000	25.715067
23.180000	25.862309
23.190000	25.973397
23.200000	26.022408
23.210000	25.841746
23.220000	25.349278
23.230000	25.452367
23.240000	25.394148
23.250000	25.542135
23.260000	25.521318
23.270000	25.630961
23.280000	25.648941
23.290000	25.675559
23.300000	25.965552
23.310000	26.602588
23.320000	27.644431
23.330000	28.855908
23.340000	30.548270
23.350000	32.862842
23.360000	35.133400
23.370000	36.279398
23.380000	36.121034
23.390000	34.372018
23.400000	32.283357
23.410000	30.155252
23.420000	28.252184
23.430000	27.213195
23.440000	26.869991
23.450000	26.354627
23.460000	26.052182
23.470000	26.373601
23.480000	26.457582
23.490000	27.078629
23.500000	27.629832
23.510000	28.479536
23.520000	29.957395
23.530000	32.137158
23.540000	34.084567
23.550000	35.644051
23.560000	35.785061
23.570000	34.673980
23.580000	32.319169
23.590000	30.152598
23.600000	28.235526
23.610000	27.164997
23.620000	26.644999
23.630000	26.415367
23.640000	26.150871
23.650000	25.926614
23.660000	25.685993
23.670000	25.795592
23.680000	25.908646
23.690000	26.066149
23.700000	26.444405
23.710000	26.960039
23.720000	27.512757
23.730000	27.744760
23.740000	27.653285
23.750000	27.488800
23.760000	27.231064
23.770000	26.477358
23.780000	26.006375
23.790000	25.802947
23.800000	25.729926
23.810000	25.618157
23.820000	25.475235
23.830000	25.515768
23.840000	25.587053
23.850000	25.506442
23.860000	25.847486
23.870000	26.295722
23.880000	27.103802
23.890000	28.121843
23.900000	29.023633
23.910000	29.745207
23.920000	29.750683
23.930000	29.152921
23.940000	28.063717
23.950000	27.056057
23.960000	26.419693
23.970000	25.957533
23.980000	25.705460
23.990000	25.714460
24.000000	25.619324
24.010000	25.666513
24.020000	25.705110
24.030000	26.180185
24.040000	26.697465
24.050000	27.858577
24.060000	29.339225
24.070000	30.922093
24.080000	32.724158
24.090000	33.662755
24.100000	33.485342
24.110000	32.225283
24.120000	30.569816
24.130000	28.603068
24.140000	27.160522
24.150000	26.512637
24.160000	25.606752
24.170000	25.562490
24.180000	25.355282
24.190000	25.342734
24.200000	25.572215
24.210000	25.764519
24.220000	25.839106
24.230000	26.153064
24.240000	26.758953
24.250000	27.450728
24.260000	28.243882
24.270000	28.196170
24.280000	28.177960
24.290000	27.648758
24.300000	26.784761
24.310000	26.020034
24.320000	25.555540
24.330000	25.163319
24.340000	25.088209
24.350000	24.775621
24.360000	24.502660
24.370000	24.418348
24.380000	24.522132
24.390000	24.589917
24.400000	24.432630
24.410000	24.256418
24.420000	24.236562
24.430000	24.451360
24.440000	24.232688
24.450000	24.329331
24.460000	24.379378
24.470000	24.453727
24.480000	24.518180
24.490000	24.486271
24.500000	24.700432
24.510000	24.588233
24.520000	24.395098
24.530000	24.453035
24.540000	24.116878
24.550000	24.210163
24.560000	24.442102
24.570000	24.708623
24.580000	25.372042
24.590000	26.019462
24.600000	26.514611
24.610000	26.727603
24.620000	26.708966
24.630000	26.482316
24.640000	26.281210
24.650000	25.851348
24.660000	25.531782
24.670000	25.154579
24.680000	24.493588
24.690000	24.541969
24.700000	24.777183
24.710000	24.968033
24.720000	24.951241
24.730000	24.866993
24.740000	25.237702
24.750000	25.707500
24.760000	26.326792
24.770000	26.919241
24.780000	27.394899
24.790000	27.828348
24.800000	27.804930
24.810000	27.413155
24.820000	26.554521
24.830000	25.836780
24.840000	25.485984
24.850000	25.199013
24.860000	24.941198
24.870000	25.199155
24.880000	25.192178
24.890000	25.380085
24.900000	25.668197
24.910000	25.960556
24.920000	26.881590
24.930000	28.123839
24.940000	29.535891
24.950000	31.157580
24.960000	32.069558
24.970000	32.112404
24.980000	31.713714
24.990000	30.052992
25.000000	28.131198
25.010000	26.902039
25.020000	25.970759
25.030000	25.537323
25.040000	25.183048
25.050000	25.082299
25.060000	24.838848
25.070000	24.965705
25.080000	25.147363
25.090000	25.707560
25.100000	26.225327
25.110000	26.772908
25.120000	27.060754
25.130000	27.465694
25.140000	27.591299
25.150000	27.386274
25.160000	26.711673
25.170000	25.960248
25.180000	25.129759
25.190000	24.777586
25.200000	24.741435
25.210000	24.611913
25.220000	24.541770
25.230000	24.358880
25.240000	24.457652
25.250000	24.569910
25.260000	24.605194
25.270000	24.765611
25.280000	24.975254
25.290000	25.241020
25.300000	25.432175
25.310000	25.312502
25.320000	25.332560
25.330000	24.916492
25.340000	25.004016
25.350000	25.018179
25.360000	24.259832
25.370000	24.363208
25.380000	24.432876
25.390000	24.311732
25.400000	24.527707
25.410000	24.845355
25.420000	25.046290
25.430000	25.620101
25.440000	26.479263
25.450000	27.344569
25.460000	28.366176
25.470000	28.922078
25.480000	28.758183
25.490000	28.259651
25.500000	27.677902
25.510000	26.555872
25.520000	25.772697
25.530000	25.020645
25.540000	24.532491
25.550000	24.493455
25.560000	24.486924
25.570000	24.256466
25.580000	24.238493
25.590000	24.342087
25.600000	24.523536
25.610000	24.826960
25.620000	25.170014
25.630000	25.826616
25.640000	25.988062
25.650000	25.853023
25.660000	25.684571
25.670000	25.296078
25.680000	24.891397
25.690000	24.352581
25.700000	24.185918
25.710000	23.961438
25.720000	23.956522
25.730000	23.797684
25.740000	23.708508
25.750000	23.476290
25.760000	23.681580
25.770000	23.523390
25.780000	23.532553
25.790000	23.386202
25.800000	23.516804
25.810000	23.540687
25.820000	23.373312
25.830000	23.385782
25.840000	23.456962
25.850000	23.492517
25.860000	23.409913
25.870000	23.656896
25.880000	23.601448
25.890000	23.468547
25.900000	23.545340
25.910000	23.505382
25.920000	23.922520
25.930000	23.801405
25.940000	23.702653
25.950000	23.961178
25.960000	24.482241
25.970000	24.710498
25.980000	24.743938
25.990000	24.771404
26.000000	24.521734
26.010000	24.093283
26.020000	23.952376
26.030000	23.796519
26.040000	23.874274
26.050000	23.728759
26.060000	23.786263
26.070000	24.258830
26.080000	24.188836
26.090000	24.717096
26.100000	25.446249
26.110000	26.160396
26.120000	26.949711
26.130000	27.571966
26.140000	27.998650
26.150000	27.574745
26.160000	27.162431
26.170000	26.343866
26.180000	25.368239
26.190000	24.867264
26.200000	24.400599
26.210000	24.024348
26.220000	23.978220
26.230000	23.754165
26.240000	23.751489
26.250000	24.257203
26.260000	24.751558
26.270000	25.035373
26.280000	25.118333
26.290000	25.486740
26.300000	25.800407
26.310000	25.927354
26.320000	25.595894
26.330000	25.430821
26.340000	24.574796
26.350000	24.247847
26.360000	24.036610
26.370000	23.896327
26.380000	24.053620
26.390000	24.000200
26.400000	23.996783
26.410000	24.153138
26.420000	24.627116
26.430000	25.044421
26.440000	25.380123
26.450000	25.867102
26.460000	26.541511
26.470000	26.663859
26.480000	26.511442
26.490000	25.693546
26.500000	25.069724
26.510000	24.658683
26.520000	24.347871
26.530000	24.078176
26.540000	24.093679
26.550000	23.991361
26.560000	23.890127
26.570000	24.295204
26.580000	24.346223
26.590000	24.420456
26.600000	24.719800
26.610000	25.198449
26.620000	25.407459
26.630000	25.442942
26.640000	25.351784
26.650000	25.098211
26.660000	24.463558
26.670000	24.006946
26.680000	23.864025
26.690000	23.969107
26.700000	24.048050
26.710000	23.897998
26.720000	23.773753
26.730000	23.865724
26.740000	24.162917
26.750000	24.422946
26.760000	24.947491
26.770000	25.200598
26.780000	25.109076
26.790000	24.979652
26.800000	25.041470
26.810000	25.105293
26.820000	24.671002
26.830000	24.484639
26.840000	24.170317
26.850000	23.929684
26.860000	23.874640
26.870000	23.944757
26.880000	24.141797
26.890000	24.312959
26.900000	24.638502
26.910000	24.945699
26.920000	25.982092
26.930000	26.728846
26.940000	27.393348
26.950000	27.691635
26.960000	27.459548
26.970000	26.752825
26.980000	26.110239
26.990000	25.172251
27.000000	24.617638
27.010000	24.096448
27.020000	23.750371
27.030000	23.700182
27.040000	23.690051
27.050000	23.680555
27.060000	23.530808
27.070000	23.365533
27.080000	23.399521
27.090000	23.443283
27.100000	23.446072
27.110000	23.409744
27.120000	23.379384
27.130000	23.474365
27.140000	23.278972
27.150000	23.362973
27.160000	23.406503
27.170000	23.370249
27.180000	23.475114
27.190000	23.183182
27.200000	23.458622
27.210000	23.475792
27.220000	23.376776
27.230000	23.749081
27.240000	23.780465
27.250000	23.752912
27.260000	23.881665
27.270000	23.800128
27.280000	24.071863
27.290000	23.933008
27.300000	23.773334
27.310000	23.876088
27.320000	23.529016
27.330000	23.791090
27.340000	23.537102
27.350000	23.703985
27.360000	23.943786
27.370000	24.009806
27.380000	24.866572
27.390000	25.516411
27.400000	26.438262
27.410000	26.768106
27.420000	27.294230
27.430000	27.207257
27.440000	26.921199
27.450000	26.653155
27.460000	26.006679
27.470000	25.185801
27.480000	24.433887
27.490000	23.917427
27.500000	23.722355
27.510000	23.864212
27.520000	24.117671
27.530000	24.276393
27.540000	24.479020
27.550000	24.785158
27.560000	25.467519
27.570000	25.986749
27.580000	26.356754
27.590000	26.542182
27.600000	26.338844
27.610000	25.567666
27.620000	24.638432
27.630000	24.216680
27.640000	24.116542
27.650000	23.694839
27.660000	23.609519
27.670000	23.652481
27.680000	23.433711
27.690000	23.468691
27.700000	23.594554
27.710000	23.656398
27.720000	24.119329
27.730000	24.307901
27.740000	24.180443
27.750000	24.316903
27.760000	24.329523
27.770000	23.768726
27.780000	23.221893
27.790000	23.401883
27.800000	23.181037
27.810000	22.907567
27.820000	22.912480
27.830000	22.820123
27.840000	22.901518
27.850000	22.959487
27.860000	22.888922
27.870000	23.034458
27.880000	22.794374
27.890000	22.659226
27.900000	22.629352
27.910000	22.891055
27.920000	22.936378
27.930000	22.725053
27.940000	22.671090
27.950000	22.855184
27.960000	22.827584
27.970000	22.720254
27.980000	22.903105
27.990000	22.908728
28.000000	22.976873
28.010000	23.116744
28.020000	23.279680
28.030000	23.524965
28.040000	23.630359
28.050000	23.771640
28.060000	23.766243
28.070000	23.544031
28.080000	23.480479
28.090000	23.008562
28.100000	22.837359
28.110000	22.795573
28.120000	22.988398
28.130000	22.987330
28.140000	22.928260
28.150000	23.288684
28.160000	23.404727
28.170000	23.688487
28.180000	23.953571
28.190000	24.516048
28.200000	24.474859
28.210000	24.331272
28.220000	24.440018
28.230000	24.129823
28.240000	23.629414
28.250000	22.987158
28.260000	22.970051
28.270000	22.621745
28.280000	22.455618
28.290000	22.650316
28.300000	22.583082
28.310000	22.634775
28.320000	22.575868
28.330000	22.797137
28.340000	22.646158
28.350000	22.486158
28.360000	22.519814
28.370000	22.531044
28.380000	22.683418
28.390000	22.306117
28.400000	22.474653
28.410000	22.733211
28.420000	22.236203
28.430000	22.115168
28.440000	22.364903
28.450000	22.580116
28.460000	22.419418
28.470000	22.558486
28.480000	22.862306
28.490000	22.864257
28.500000	22.944715
28.510000	22.829079
28.520000	22.941925
28.530000	22.992010
28.540000	22.856993
28.550000	22.706007
28.560000	22.662028
28.570000	22.608163
28.580000	22.600081
28.590000	22.636955
28.600000	22.856773
28.610000	23.168921
28.620000	23.201420
28.630000	23.138281
28.640000	23.428017
28.650000	23.516916
28.660000	23.296255
28.670000	23.359600
28.680000	23.488258
28.690000	23.353051
28.700000	22.942744
28.710000	22.943160
28.720000	23.229905
28.730000	22.637719
28.740000	23.028635
28.750000	23.143900
28.760000	23.545706
28.770000	23.584639
28.780000	23.492876
28.790000	24.003674
28.800000	24.609153
28.810000	24.551595
28.820000	24.552730
28.830000	24.208550
28.840000	23.926485
28.850000	23.601791
28.860000	22.968624
28.870000	22.937772
28.880000	23.079573
28.890000	23.139201
28.900000	22.992313
28.910000	23.190237
28.920000	23.366464
28.930000	23.475393
28.940000	23.998231
28.950000	24.147816
28.960000	24.082452
28.970000	23.583099
28.980000	23.442066
28.990000	23.364153
29.000000	23.012426
29.010000	22.682334
29.020000	22.904019
29.030000	23.069698
29.040000	22.711627
29.050000	22.701770
29.060000	22.826238
29.070000	22.460343
29.080000	22.786992
29.090000	23.038633
29.100000	23.238866
29.110000	23.033890
29.120000	23.014172
29.130000	23.160400
29.140000	23.025877
29.150000	22.997912
29.160000	23.030783
29.170000	23.289853
29.180000	23.154837
29.190000	23.088489
29.200000	23.367722
29.210000	23.577271
29.220000	23.991039
29.230000	24.403562
29.240000	25.232782
29.250000	25.361514
29.260000	25.407403
29.270000	25.532672
29.280000	24.751408
29.290000	24.316861
29.300000	23.952648
29.310000	23.599898
29.320000	23.059329
29.330000	23.024715
29.340000	23.033996
29.350000	23.041037
29.360000	22.995000
29.370000	23.285720
29.380000	23.393931
29.390000	23.055309
29.400000	23.567951
29.410000	23.465398
29.420000	23.320944
29.430000	23.111315
29.440000	23.302427
29.450000	22.912551
29.460000	22.801189
29.470000	23.060830
29.480000	22.762254
29.490000	22.787354
29.500000	22.698882
29.510000	22.791225
29.520000	22.677234
29.530000	22.727670
29.540000	22.716587
29.550000	22.941796
29.560000	22.725213
29.570000	22.794385
29.580000	22.978595
29.590000	22.884125
29.600000	22.617590
29.610000	22.616420
29.620000	22.917760
29.630000	22.753080
29.640000	23.107504
29.650000	23.226926
29.660000	23.290245
29.670000	23.307529
29.680000	23.367228
29.690000	23.790049
29.700000	23.934314
29.710000	23.769650
29.720000	23.395160
29.730000	23.168472
29.740000	23.225886
29.750000	22.917144
29.760000	23.134246
29.770000	23.030554
29.780000	22.753081
29.790000	23.130344
29.800000	23.779554
29.810000	23.714586
29.820000	23.705602
29.830000	23.654139
29.840000	23.499056
29.850000	23.997311
29.860000	23.856148
29.870000	23.502822
29.880000	23.419368
29.890000	23.426859
29.900000	23.066730
29.910000	22.893483
29.920000	22.964538
29.930000	22.889322
29.940000	22.814463
29.950000	22.977618
29.960000	23.078073
29.970000	23.397676
29.980000	23.493582
29.990000	23.653754
30.000000	23.582187
30.010000	23.254902
30.020000	23.108561
30.030000	23.113421
30.040000	22.815094
30.050000	22.518827
30.060000	22.783470
30.070000	22.978712
30.080000	23.013723
30.090000	22.745069
30.100000	23.138702
30.110000	23.008952
30.120000	23.000552
30.130000	23.523743
30.140000	23.513475
30.150000	23.444057
30.160000	23.216867
30.170000	22.804163
30.180000	22.876627
30.190000	22.567986
30.200000	22.791685
30.210000	22.471084
30.220000	22.207995
30.230000	22.604925
30.240000	22.653727
30.250000	22.737428
30.260000	23.013987
30.270000	23.133863
30.280000	23.105673
30.290000	22.926219
30.300000	22.815594
30.310000	22.627180
30.320000	22.442756
30.330000	22.678518
30.340000	22.567317
30.350000	22.424997
30.360000	22.601669
30.370000	22.829011
30.380000	23.147817
30.390000	23.090525
30.400000	23.235642
30.410000	23.511785
30.420000	23.288419
30.430000	23.082092
30.440000	23.087231
30.450000	23.170806
30.460000	22.550541
30.470000	22.707117
30.480000	22.700104
30.490000	22.610214
30.500000	22.859613
30.510000	22.874114
30.520000	23.038639
30.530000	23.267221
30.540000	23.631749
30.550000	23.666092
30.560000	23.992618
30.570000	23.755455
30.580000	23.782960
30.590000	23.671254
30.600000	23.377661
30.610000	23.179989
30.620000	22.689772
30.630000	22.821263
30.640000	22.602073
30.650000	22.332629
30.660000	22.585723
30.670000	22.768922
30.680000	22.476878
30.690000	22.405766
30.700000	22.157612
30.710000	22.289216
30.720000	22.229917
30.730000	22.267850
30.740000	22.350352
30.750000	22.406530
30.760000	22.260554
30.770000	22.273963
30.780000	22.370253
30.790000	22.698800
30.800000	22.587342
30.810000	22.374580
30.820000	22.532242
30.830000	22.224712
30.840000	22.035282
30.850000	22.318233
30.860000	22.095694
30.870000	22.555404
30.880000	22.599482
30.890000	22.486783
30.900000	22.410820
30.910000	22.342056
30.920000	22.397831
30.930000	22.528691
30.940000	22.669996
30.950000	22.889226
30.960000	22.736136
30.970000	23.181446
30.980000	23.521885
30.990000	23.456499
31.000000	23.374875
31.010000	23.351177
31.020000	23.197658
31.030000	22.752196
31.040000	22.513026
31.050000	22.434390
31.060000	22.583616
31.070000	22.493085
31.080000	22.697654
31.090000	22.673548
31.100000	22.930280
31.110000	22.892793
31.120000	22.971426
31.130000	23.092237
31.140000	23.294859
31.150000	23.372704
31.160000	23.055133
31.170000	22.531906
31.180000	22.634004
31.190000	22.842282
31.200000	22.704724
31.210000	22.535132
31.220000	22.567368
31.230000	22.633325
31.240000	22.960996
31.250000	22.577114
31.260000	22.613654
31.270000	22.797923
31.280000	22.598681
31.290000	22.574208
31.300000	22.572182
31.310000	22.506355
31.320000	22.420717
31.330000	22.487205
31.340000	22.610002
31.350000	22.613887
31.360000	22.586020
31.370000	22.700685
31.380000	22.631719
31.390000	22.527129
31.400000	22.522305
31.410000	22.895006
31.420000	22.794023
31.430000	22.932314
31.440000	22.711363
31.450000	22.811010
31.460000	22.682082
31.470000	22.542667
31.480000	22.634848
31.490000	22.864316
31.500000	22.817150
31.510000	22.608507
31.520000	22.949058
31.530000	23.346188
31.540000	23.280122
31.550000	23.229979
31.560000	23.207358
31.570000	23.029941
31.580000	22.854529
31.590000	22.853850
31.600000	22.925765
31.610000	22.667624
31.620000	22.780189
31.630000	22.848492
31.640000	22.700167
31.650000	22.471015
31.660000	22.768938
31.670000	22.486630
31.680000	23.116013
31.690000	23.373254
31.700000	22.920896
31.710000	22.778139
31.720000	22.436307
31.730000	22.811884
31.740000	22.711118
31.750000	22.713943
31.760000	23.087947
31.770000	22.875798
31.780000	22.534759
31.790000	22.802123
31.800000	22.550445
31.810000	22.452976
31.820000	22.414173
31.830000	22.397878
31.840000	22.547639
31.850000	23.014037
31.860000	22.358972
31.870000	22.675571
31.880000	22.490560
31.890000	22.553572
31.900000	22.396193
31.910000	22.426058
31.920000	22.366885
31.930000	22.886219
31.940000	22.661885
31.950000	22.406914
31.960000	22.747255
31.970000	22.739361
31.980000	22.872324
31.990000	22.812402
32.000000	22.511460
32.010000	22.313717
32.020000	22.590631
32.030000	22.745764
32.040000	22.628685
32.050000	22.695332
32.060000	22.654579
32.070000	23.074057
32.080000	23.026612
32.090000	22.688334
32.100000	22.808165
32.110000	23.105745
32.120000	23.222716
32.130000	23.298641
32.140000	22.801016
32.150000	22.744106
32.160000	22.636824
32.170000	22.810355
32.180000	23.051989
32.190000	22.866606
32.200000	22.950139
32.210000	23.108880
32.220000	23.458566
32.230000	23.550980
32.240000	23.528394
32.250000	23.510463
32.260000	23.306518
32.270000	23.038325
32.280000	23.179622
32.290000	23.132982
32.300000	23.160911
32.310000	22.838055
32.320000	22.840762
32.330000	22.864199
32.340000	22.841757
32.350000	22.970876
32.360000	23.032000
32.370000	23.449849
32.380000	22.990278
32.390000	22.901509
32.400000	22.804932
32.410000	22.891804
32.420000	22.798751
32.430000	22.728993
32.440000	23.011819
32.450000	22.698377
32.460000	22.996539
32.470000	23.213779
32.480000	23.307397
32.490000	22.989771
32.500000	23.080009
32.510000	22.960933
32.520000	22.961668
32.530000	22.776436
32.540000	22.873425
32.550000	22.893340
32.560000	22.683753
32.570000	22.839406
32.580000	23.277626
32.590000	23.187207
32.600000	23.119685
32.610000	23.181896
32.620000	23.269859
32.630000	23.685198
32.640000	23.694453
32.650000	23.434436
32.660000	23.397969
32.670000	23.096714
32.680000	22.986683
32.690000	22.824391
32.700000	23.099852
32.710000	23.099188
32.720000	23.381828
32.730000	23.491402
32.740000	23.215619
32.750000	22.880046
32.760000	22.994854
32.770000	23.683814
32.780000	23.750450
32.790000	23.299435
32.800000	23.307896
32.810000	22.990391
32.820000	22.744743
32.830000	22.759343
32.840000	22.866707
32.850000	23.128999
32.860000	23.024690
32.870000	22.904059
32.880000	22.833027
32.890000	22.884701
32.900000	23.012231
32.910000	23.258832
32.920000	23.172909
32.930000	23.005420
32.940000	23.070006
32.950000	23.083079
32.960000	22.729365
32.970000	22.644271
32.980000	22.957962
32.990000	23.189735
33.000000	23.089442
33.010000	22.863475
33.020000	22.621194
33.030000	22.536876
33.040000	22.881987
33.050000	23.033030
33.060000	22.733369
33.070000	22.755123
33.080000	22.863848
33.090000	22.905244
33.100000	23.256135
33.110000	23.339718
33.120000	23.411133
33.130000	23.501157
33.140000	23.241494
33.150000	23.402982
33.160000	23.358654
33.170000	23.456390
33.180000	23.704460
33.190000	23.864136
33.200000	23.654296
33.210000	23.472273
33.220000	23.385880
33.230000	23.428121
33.240000	23.307838
33.250000	23.300481
33.260000	23.476413
33.270000	23.416198
33.280000	22.834553
33.290000	23.176313
33.300000	23.366050
33.310000	23.355591
33.320000	23.128431
33.330000	23.396008
33.340000	23.553654
33.350000	23.622808
33.360000	23.483831
33.370000	23.506314
33.380000	23.609412
33.390000	23.661367
33.400000	23.551958
33.410000	23.575385
33.420000	23.463189
33.430000	23.980017
33.440000	23.737984
33.450000	23.531782
33.460000	23.503393
33.470000	23.380480
33.480000	23.037471
33.490000	23.277456
33.500000	23.386431
33.510000	23.401562
33.520000	23.300905
33.530000	23.451899
33.540000	23.590612
33.550000	23.322766
33.560000	23.612989
33.570000	23.853553
33.580000	23.630473
33.590000	23.735878
33.600000	23.709943
33.610000	23.718992
33.620000	23.344482
33.630000	23.110733
33.640000	23.108737
33.650000	23.450041
33.660000	23.345816
33.670000	23.571188
33.680000	23.596400
33.690000	23.707394
33.700000	23.366073
33.710000	23.612063
33.720000	23.555287
33.730000	23.553740
33.740000	23.787574
33.750000	23.714885
33.760000	23.328788
33.770000	23.581603
33.780000	23.525627
33.790000	23.852510
33.800000	23.625337
33.810000	23.944773
33.820000	23.930318
33.830000	24.445725
33.840000	24.293813
33.850000	24.062393
33.860000	23.814498
33.870000	23.824905
33.880000	23.880136
33.890000	24.071421
33.900000	23.730752
33.910000	23.413034
33.920000	23.486744
33.930000	23.695998
33.940000	23.304260
33.950000	23.569268
33.960000	23.795677
33.970000	23.560879
33.980000	23.746819
33.990000	23.833163
34.000000	23.697914
34.010000	23.695470
34.020000	23.458878
34.030000	23.740080
34.040000	23.517743
34.050000	23.705201
34.060000	23.765695
34.070000	23.626487
34.080000	23.210171
34.090000	23.651897
34.100000	23.928422
34.110000	23.873613
34.120000	23.958188
34.130000	23.789111
34.140000	23.626995
34.150000	23.703276
34.160000	23.893239
34.170000	23.849919
34.180000	23.396767
34.190000	24.007499
34.200000	23.829796
34.210000	24.063493
34.220000	24.193446
34.230000	24.316721
34.240000	24.043319
34.250000	23.847621
34.260000	23.963714
34.270000	24.000889
34.280000	23.838452
34.290000	23.498733
34.300000	24.040327
34.310000	23.980444
34.320000	24.313179
34.330000	24.086883
34.340000	23.956552
34.350000	23.813364
34.360000	23.529832
34.370000	23.551644
34.380000	23.882657
34.390000	23.364042
34.400000	24.229107
34.410000	24.204823
34.420000	23.852633
34.430000	23.731425
34.440000	23.921373
34.450000	23.914658
34.460000	24.226006
34.470000	24.380075
34.480000	24.277373
34.490000	24.078968
34.500000	24.118096
34.510000	24.582545
34.520000	24.075838
34.530000	23.552321
34.540000	23.962802
34.550000	24.160212
34.560000	24.351675
34.570000	23.504645
34.580000	23.843044
34.590000	23.962355
34.600000	24.024720
34.610000	23.645781
34.620000	24.152605
34.630000	23.936213
34.640000	23.902712
34.650000	24.100127
34.660000	24.330105
34.670000	24.162733
34.680000	24.016410
34.690000	24.154215
34.700000	23.698798
34.710000	24.313394
34.720000	24.490695
34.730000	24.307842
34.740000	24.571551
34.750000	24.453819
34.760000	24.585948
34.770000	25.458867
34.780000	24.638729
34.790000	23.914049
34.800000	24.197776
34.810000	24.582994
34.820000	24.312274
34.830000	23.912972
34.840000	23.787282
34.850000	23.879286
34.860000	24.196635
34.870000	24.224309
34.880000	23.844891
34.890000	24.134523
34.900000	24.106165
34.910000	24.519602
34.920000	24.393617
34.930000	24.156575
34.940000	23.791134
34.950000	24.157014
34.960000	23.612749
34.970000	24.008081
34.980000	24.335835
34.990000	24.587369
35.000000	23.928973
35.010000	23.800343
35.020000	24.098811
35.030000	23.968878
35.040000	24.127253
35.050000	24.370370
35.060000	24.302388
35.070000	24.723344
35.080000	24.691413
35.090000	24.115200
35.100000	24.570595
35.110000	24.913549
35.120000	24.692600
35.130000	24.430267
35.140000	24.532893
35.150000	24.254541
35.160000	24.967777
35.170000	24.453014
35.180000	24.288522
35.190000	24.520269
35.200000	24.913630
35.210000	24.600584
35.220000	24.754295
35.230000	24.834893
35.240000	24.658667
35.250000	24.792817
35.260000	24.792531
35.270000	25.309623
35.280000	25.277936
35.290000	24.797389
35.300000	24.663324
35.310000	24.754165
35.320000	25.097518
35.330000	25.295937
35.340000	25.370561
35.350000	25.298576
35.360000	25.279583
35.370000	25.452871
35.380000	25.201554
35.390000	25.219802
35.400000	25.267603
35.410000	24.944482
35.420000	24.954484
35.430000	24.302495
35.440000	24.916797
35.450000	25.334564
35.460000	24.825759
35.470000	24.758026
35.480000	24.818560
35.490000	25.084574
35.500000	25.375430
35.510000	24.843175
35.520000	25.362409
35.530000	24.854702
35.540000	24.820021
35.550000	24.648042
35.560000	24.989737
35.570000	24.925063
35.580000	25.033425
35.590000	24.933536
35.600000	24.354818
35.610000	24.712514
35.620000	24.734273
35.630000	24.638167
35.640000	24.863762
35.650000	24.600198
35.660000	25.073336
35.670000	24.934407
35.680000	25.042270
35.690000	24.589867
35.700000	24.368144
35.710000	24.597398
35.720000	25.081673
35.730000	25.202135
35.740000	25.277551
35.750000	24.800277
35.760000	25.113667
35.770000	25.715145
35.780000	25.394116
35.790000	25.089342
35.800000	25.164215
35.810000	25.392478
35.820000	25.265647
35.830000	25.190330
35.840000	25.357447
35.850000	25.411939
35.860000	25.164009
35.870000	24.834516
35.880000	24.726736
35.890000	25.055832
35.900000	24.934700
35.910000	24.741329
35.920000	24.812995
35.930000	24.845896
35.940000	24.773718
35.950000	24.498508
35.960000	24.703262
35.970000	24.540625
35.980000	24.712524
35.990000	24.959214
36.000000	24.603635
36.010000	25.136527
36.020000	24.829581
36.030000	24.929800
36.040000	24.781156
36.050000	24.879712
36.060000	25.278875
36.070000	25.123268
36.080000	25.187576
36.090000	25.419134
36.100000	25.401384
36.110000	25.035699
36.120000	25.180700
36.130000	24.623054
36.140000	24.750639
36.150000	25.228854
36.160000	25.487205
36.170000	25.049582
36.180000	24.177182
36.190000	24.769602
36.200000	25.252653
36.210000	24.762625
36.220000	25.115826
36.230000	25.429273
36.240000	24.568791
36.250000	24.364658
36.260000	24.541390
36.270000	25.411996
36.280000	25.361990
36.290000	25.394426
36.300000	25.099403
36.310000	24.833703
36.320000	25.151455
36.330000	25.483230
36.340000	25.564113
36.350000	25.424330
36.360000	25.448755
36.370000	25.268529
36.380000	24.936382
36.390000	25.639475
36.400000	25.563357
36.410000	25.075712
36.420000	25.103517
36.430000	24.442717
36.440000	24.924299
36.450000	25.430824
36.460000	24.896326
36.470000	25.026473
36.480000	24.667662
36.490000	25.326435
36.500000	25.847695
36.510000	25.466408
36.520000	25.417273
36.530000	25.604981
36.540000	25.586294
36.550000	24.829346
36.560000	25.553486
36.570000	24.789184
36.580000	25.069497
36.590000	25.379336
36.600000	24.692029
36.610000	24.681708
36.620000	25.444495
36.630000	25.041606
36.640000	24.983254
36.650000	24.861161
36.660000	25.389116
36.670000	24.472108
36.680000	25.053877
36.690000	25.233578
36.700000	25.065406
36.710000	24.575637
36.720000	25.434820
36.730000	25.076487
36.740000	25.420085
36.750000	25.487334
36.760000	24.613131
36.770000	24.431941
36.780000	24.606931
36.790000	24.672051
36.800000	25.873121
36.810000	25.600202
36.820000	24.609434
36.830000	25.055563
36.840000	25.552987
36.850000	25.182879
36.860000	25.372688
36.870000	24.962748
36.880000	24.383114
36.890000	24.924785
36.900000	25.581282
36.910000	25.985658
36.920000	25.616378
36.930000	24.694835
36.940000	24.338252
36.950000	24.852084
36.960000	24.577804
36.970000	24.333147
36.980000	25.198854
36.990000	25.815475
37.000000	24.746947
37.010000	24.833558
37.020000	24.798131
37.030000	24.627289
37.040000	25.887330
37.050000	24.775963
37.060000	24.625990
37.070000	25.474899
37.080000	24.713352
37.090000	24.839390
37.100000	24.567370
37.110000	24.476691
37.120000	24.587643
37.130000	25.349036
37.140000	25.344095
37.150000	24.896710
37.160000	24.643409
37.170000	25.063819
37.180000	24.841784
37.190000	24.616133
37.200000	25.331272
37.210000	25.803122
37.220000	25.404118
37.230000	25.086191
37.240000	24.565295
37.250000	25.857725
37.260000	24.734204
37.270000	24.861619
37.280000	25.032718
37.290000	25.350103
37.300000	25.144690
37.310000	25.748785
37.320000	25.005286
37.330000	25.570168
37.340000	24.749313
37.350000	25.005278
37.360000	24.578512
37.370000	24.214407
37.380000	24.307234
37.390000	24.221436
37.400000	25.574032
37.410000	25.121717
37.420000	25.392572
37.430000	24.628765
37.440000	24.734034
37.450000	24.602215
37.460000	23.997542
37.470000	25.424533
37.480000	25.744587
37.490000	25.371287
37.500000	25.310838
37.510000	24.451302
37.520000	25.076720
37.530000	24.740377
37.540000	24.733403
37.550000	25.697594
37.560000	23.773507
37.570000	24.678347
37.580000	24.238951
37.590000	25.714362
37.600000	25.285814
37.610000	25.339843
37.620000	25.225137
37.630000	24.206003
37.640000	24.631536
37.650000	24.852579
37.660000	24.287204
37.670000	24.001511
37.680000	23.739257
37.690000	24.566280
37.700000	24.939232
37.710000	24.120934
37.720000	24.405609
37.730000	24.363663
37.740000	24.137484
37.750000	23.715754
37.760000	24.551111
37.770000	25.191134
37.780000	24.171701
37.790000	23.302776
37.800000	24.438434
37.810000	24.053969
37.820000	22.518930
37.830000	23.414766
37.840000	24.046758
37.850000	25.321187
37.860000	24.140741
37.870000	24.106802
37.880000	22.747474
37.890000	23.207979
37.900000	24.212791
37.910000	22.836784
37.920000	21.882835
37.930000	22.600626
37.940000	23.691916
37.950000	23.075712
37.960000	22.551834
37.970000	22.521736
37.980000	23.180736
37.990000	22.994941
38.000000	22.604282
38.010000	22.433182
38.020000	22.219301
38.030000	23.656599
38.040000	23.306776
38.050000	22.391163
38.060000	22.510244
38.070000	22.412936
38.080000	22.724342
38.090000	22.453633
38.100000	22.679967
38.110000	22.116205
38.120000	21.321697
38.130000	22.041550
38.140000	22.075829
38.150000	21.731881
38.160000	21.780811
38.170000	22.773625
38.180000	20.946023
38.190000	21.005208
38.200000	21.157116
38.210000	21.814292
38.220000	20.987449
38.230000	21.528679
38.240000	21.447132
38.250000	21.713154
38.260000	20.328128
38.270000	20.953488
38.280000	20.653300
38.290000	20.782745
38.300000	19.875690
38.310000	21.505963
38.320000	20.358944
38.330000	19.149509
38.340000	19.956985
38.350000	19.779118
38.360000	19.193156
38.370000	20.773074
38.380000	20.639184
38.390000	20.366118
38.400000	20.533025
