0.0000000	209.01188
0.010000000	206.65099
0.020000000	206.53481
0.030000000	210.70294
0.040000000	217.86060
0.050000000	222.49616
0.060000000	220.95479
0.070000000	219.96456
0.080000000	219.62317
0.090000000	221.00515
0.10000000	226.19730
0.11000000	230.15743
0.12000000	238.43521
0.13000000	255.32104
0.14000000	288.19002
0.15000000	351.27245
0.16000000	442.47777
0.17000000	548.17215
0.18000000	665.68300
0.19000000	796.94253
0.20000000	930.96837
0.21000000	1045.5766
0.22000000	1126.5351
0.23000000	1188.2391
0.24000000	1242.7648
0.25000000	1289.4582
0.26000000	1331.7958
0.27000000	1369.7835
0.28000000	1398.0717
0.29000000	1424.3807
0.30000000	1446.3077
0.31000000	1461.8274
0.32000000	1472.3199
0.33000000	1479.7590
0.34000000	1485.1510
0.35000000	1488.0763
0.36000000	1492.4266
0.37000000	1495.5332
0.38000000	1501.2436
0.39000000	1507.6776
0.40000000	1518.4036
0.41000000	1531.3045
0.42000000	1546.9935
0.43000000	1564.1757
0.44000000	1581.4970
0.45000000	1599.9677
0.46000000	1618.7740
0.47000000	1634.6892
0.48000000	1650.5704
0.49000000	1665.2090
0.50000000	1678.2432
0.51000000	1687.6738
0.52000000	1692.4966
0.53000000	1698.0387
0.54000000	1703.9370
0.55000000	1707.7096
0.56000000	1710.4904
0.57000000	1711.9407
0.58000000	1714.7873
0.59000000	1719.1687
0.60000000	1721.9814
0.61000000	1723.9882
0.62000000	1727.9563
0.63000000	1731.5314
0.64000000	1732.8180
0.65000000	1735.8804
0.66000000	1738.9921
0.67000000	1740.4775
0.68000000	1742.1590
0.69000000	1746.3060
0.70000000	1749.7820
0.71000000	1751.2610
0.72000000	1754.7441
0.73000000	1757.4187
0.74000000	1761.1787
0.75000000	1764.6797
0.76000000	1767.7802
0.77000000	1772.6124
0.78000000	1777.5966
0.79000000	1780.4680
0.80000000	1784.5484
0.81000000	1788.3622
0.82000000	1792.3197
0.83000000	1796.0849
0.84000000	1800.1616
0.85000000	1803.7723
0.86000000	1808.6311
0.87000000	1813.9868
0.88000000	1818.3451
0.89000000	1822.2002
0.90000000	1827.3586
0.91000000	1831.5966
0.92000000	1835.3645
0.93000000	1840.3430
0.94000000	1845.2990
0.95000000	1849.7245
0.96000000	1855.0706
0.97000000	1859.9236
0.98000000	1863.2999
0.99000000	1868.2573
1.0000000	1874.2607
1.0100000	1879.1452
1.0200000	1884.2967
1.0300000	1888.7783
1.0400000	1894.6441
1.0500000	1899.0922
1.0600000	1903.3892
1.0700000	1908.3303
1.0800000	1912.2970
1.0900000	1916.2186
1.1000000	1920.0394
1.1100000	1924.6558
1.1200000	1929.0319
1.1300000	1933.8758
1.1400000	1938.3090
1.1500000	1941.9867
1.1600000	1945.2062
1.1700000	1948.8880
1.1800000	1952.4931
1.1900000	1955.5588
1.2000000	1958.4163
1.2100000	1961.5948
1.2200000	1966.2918
1.2300000	1970.1644
1.2400000	1972.7119
1.2500000	1975.1184
1.2600000	1977.9724
1.2700000	1980.5491
1.2800000	1983.2682
1.2900000	1986.3346
1.3000000	1989.6377
1.3100000	1993.4127
1.3200000	1996.3801
1.3300000	1998.4727
1.3400000	2002.8644
1.3500000	2006.6705
1.3600000	2009.5856
1.3700000	2013.4489
1.3800000	2017.9246
1.3900000	2021.0819
1.4000000	2025.1427
1.4100000	2029.4185
1.4200000	2033.5899
1.4300000	2038.6144
1.4400000	2044.1927
1.4500000	2051.0517
1.4600000	2057.1934
1.4700000	2062.6134
1.4800000	2066.8418
1.4900000	2071.6236
1.5000000	2077.6062
1.5100000	2083.0386
1.5200000	2089.7237
1.5300000	2096.3644
1.5400000	2103.8700
1.5500000	2111.5271
1.5600000	2120.6804
1.5700000	2129.4147
1.5800000	2138.5125
1.5900000	2147.6221
1.6000000	2157.8892
1.6100000	2169.1756
1.6200000	2179.4405
1.6300000	2190.4520
1.6400000	2203.4341
1.6500000	2215.8318
1.6600000	2228.6646
1.6700000	2242.8741
1.6800000	2257.8709
1.6900000	2272.9749
1.7000000	2287.9007
1.7100000	2301.7403
1.7200000	2315.9210
1.7300000	2331.7238
1.7400000	2349.7038
1.7500000	2366.6833
1.7600000	2384.7021
1.7700000	2403.8388
1.7800000	2423.3171
1.7900000	2443.8746
1.8000000	2465.3530
1.8100000	2488.8736
1.8200000	2513.5825
1.8300000	2535.7552
1.8400000	2554.7247
1.8500000	2574.5025
1.8600000	2596.5232
1.8700000	2620.2911
1.8800000	2644.3101
1.8900000	2668.5403
1.9000000	2693.3210
1.9100000	2718.8104
1.9200000	2744.2906
1.9300000	2770.0779
1.9400000	2795.7252
1.9500000	2821.3729
1.9600000	2847.7007
1.9700000	2873.8094
1.9800000	2900.6397
1.9900000	2927.3486
2.0000000	2952.8003
2.0100000	2978.1177
2.0200000	3003.3169
2.0300000	3026.9928
2.0400000	3051.3414
2.0500000	3075.4192
2.0600000	3098.8500
2.0700000	3121.0087
2.0800000	3143.7373
2.0900000	3169.0967
2.1000000	3193.5952
2.1100000	3212.8476
2.1200000	3223.3453
2.1300000	3230.1566
2.1400000	3238.1223
2.1500000	3246.5346
2.1600000	3254.9118
2.1700000	3261.9606
2.1800000	3268.0214
2.1900000	3272.6711
2.2000000	3274.7326
2.2100000	3274.9536
2.2200000	3273.7064
2.2300000	3270.6936
2.2400000	3265.9400
2.2500000	3259.1843
2.2600000	3251.1132
2.2700000	3240.7099
2.2800000	3229.5196
2.2900000	3216.2564
2.3000000	3201.4603
2.3100000	3185.8079
2.3200000	3170.2430
2.3300000	3155.1095
2.3400000	3141.5238
2.3500000	3127.5191
2.3600000	3106.2703
2.3700000	3077.3748
2.3800000	3047.5312
2.3900000	3019.1350
2.4000000	2992.1791
2.4100000	2964.7387
2.4200000	2937.0723
2.4300000	2909.1300
2.4400000	2881.1324
2.4500000	2853.0630
2.4600000	2825.2409
2.4700000	2796.9939
2.4800000	2768.6804
2.4900000	2741.1153
2.5000000	2712.8657
2.5100000	2684.1941
2.5200000	2655.7728
2.5300000	2627.3060
2.5400000	2598.6837
2.5500000	2570.6143
2.5600000	2546.1587
2.5700000	2522.8201
2.5800000	2499.0907
2.5900000	2470.5242
2.6000000	2438.7900
2.6100000	2408.3903
2.6200000	2380.4800
2.6300000	2354.3787
2.6400000	2329.6930
2.6500000	2305.5199
2.6600000	2281.0952
2.6700000	2257.5045
2.6800000	2233.8680
2.6900000	2210.5395
2.7000000	2187.2297
2.7100000	2164.0756
2.7200000	2142.2603
2.7300000	2121.2343
2.7400000	2100.2114
2.7500000	2080.1253
2.7600000	2060.9144
2.7700000	2041.1213
2.7800000	2021.1236
2.7900000	2000.8769
2.8000000	1980.2931
2.8100000	1961.4489
2.8200000	1943.3156
2.8300000	1926.0048
2.8400000	1910.1382
2.8500000	1894.1455
2.8600000	1877.5019
2.8700000	1861.4231
2.8800000	1845.4607
2.8900000	1830.1516
2.9000000	1815.0790
2.9100000	1800.4691
2.9200000	1786.7483
2.9300000	1772.4374
2.9400000	1758.0893
2.9500000	1743.8824
2.9600000	1730.8804
2.9700000	1719.1630
2.9800000	1707.4885
2.9900000	1693.1115
3.0000000	1678.2164
3.0100000	1665.5297
3.0200000	1655.3169
3.0300000	1647.6067
3.0400000	1642.0953
3.0500000	1633.7213
3.0600000	1620.6876
3.0700000	1604.6386
3.0800000	1590.3534
3.0900000	1578.1508
3.1000000	1567.4698
3.1100000	1557.7008
3.1200000	1547.6210
3.1300000	1537.2455
3.1400000	1527.6769
3.1500000	1518.3847
3.1600000	1508.8236
3.1700000	1500.1105
3.1800000	1491.6915
3.1900000	1483.0655
3.2000000	1474.6274
3.2100000	1466.9775
3.2200000	1459.8679
3.2300000	1453.6281
3.2400000	1446.9811
3.2500000	1439.5550
3.2600000	1431.7750
3.2700000	1423.7469
3.2800000	1416.2147
3.2900000	1409.4574
3.3000000	1403.2396
3.3100000	1396.7798
3.3200000	1390.3699
3.3300000	1385.1980
3.3400000	1380.0984
3.3500000	1376.8947
3.3600000	1377.0794
3.3700000	1381.0516
3.3800000	1387.0438
3.3900000	1387.6389
3.4000000	1378.0281
3.4100000	1361.5501
3.4200000	1345.8013
3.4300000	1332.8571
3.4400000	1322.6424
3.4500000	1313.8878
3.4600000	1307.6084
3.4700000	1302.9887
3.4800000	1299.6078
3.4900000	1295.7130
3.5000000	1290.5612
3.5100000	1285.5338
3.5200000	1281.1043
3.5300000	1278.2454
3.5400000	1275.7245
3.5500000	1272.3396
3.5600000	1268.7956
3.5700000	1264.6922
3.5800000	1260.6242
3.5900000	1255.6421
3.6000000	1250.2715
3.6100000	1243.6683
3.6200000	1235.7794
3.6300000	1227.6936
3.6400000	1220.4152
3.6500000	1213.6006
3.6600000	1206.6051
3.6700000	1200.2223
3.6800000	1194.1748
3.6900000	1189.2200
3.7000000	1184.0795
3.7100000	1179.6548
3.7200000	1175.3289
3.7300000	1170.5530
3.7400000	1166.3247
3.7500000	1162.1150
3.7600000	1157.8944
3.7700000	1154.3063
3.7800000	1149.9849
3.7900000	1145.0419
3.8000000	1139.2412
3.8100000	1133.3005
3.8200000	1126.9027
3.8300000	1121.4609
3.8400000	1116.3474
3.8500000	1111.4098
3.8600000	1107.3316
3.8700000	1103.6998
3.8800000	1101.6045
3.8900000	1101.1030
3.9000000	1101.5617
3.9100000	1101.0833
3.9200000	1098.0225
3.9300000	1091.6333
3.9400000	1084.1330
3.9500000	1077.0700
3.9600000	1071.1746
3.9700000	1065.7264
3.9800000	1061.0000
3.9900000	1056.1452
4.0000000	1051.3315
4.0100000	1047.5828
4.0200000	1044.0278
4.0300000	1041.3325
4.0400000	1039.7037
4.0500000	1038.2243
4.0600000	1036.5091
4.0700000	1033.8991
4.0800000	1031.1256
4.0900000	1028.9697
4.1000000	1027.3952
4.1100000	1026.5189
4.1200000	1025.7431
4.1300000	1025.0338
4.1400000	1025.3881
4.1500000	1026.2349
4.1600000	1026.6328
4.1700000	1027.3732
4.1800000	1028.1137
4.1900000	1028.7720
4.2000000	1029.7996
4.2100000	1030.8288
4.2200000	1031.9652
4.2300000	1033.2723
4.2400000	1034.7590
4.2500000	1036.5370
4.2600000	1038.6154
4.2700000	1041.1842
4.2800000	1043.7082
4.2900000	1045.8651
4.3000000	1047.5112
4.3100000	1049.1106
4.3200000	1050.3097
4.3300000	1050.9770
4.3400000	1051.8934
4.3500000	1052.2385
4.3600000	1052.4193
4.3700000	1053.3194
4.3800000	1053.5040
4.3900000	1054.2499
4.4000000	1055.1611
4.4100000	1055.5874
4.4200000	1056.1822
4.4300000	1056.2749
4.4400000	1055.9710
4.4500000	1055.6002
4.4600000	1054.9967
4.4700000	1054.1186
4.4800000	1053.0070
4.4900000	1051.6376
4.5000000	1050.6398
4.5100000	1049.1991
4.5200000	1048.0661
4.5300000	1046.9683
4.5400000	1045.1125
4.5500000	1043.2854
4.5600000	1040.9055
4.5700000	1039.3023
4.5800000	1037.1709
4.5900000	1034.1966
4.6000000	1031.2612
4.6100000	1028.5089
4.6200000	1025.3664
4.6300000	1022.5496
4.6400000	1019.8898
4.6500000	1017.1448
4.6600000	1014.3201
4.6700000	1011.4569
4.6800000	1008.6098
4.6900000	1006.1170
4.7000000	1003.6584
4.7100000	1001.1705
4.7200000	997.80446
4.7300000	994.53361
4.7400000	991.66229
4.7500000	988.64970
4.7600000	985.39924
4.7700000	982.52117
4.7800000	980.27822
4.7900000	977.70897
4.8000000	975.24828
4.8100000	972.98532
4.8200000	971.32339
4.8300000	969.04431
4.8400000	966.25339
4.8500000	962.97482
4.8600000	959.63903
4.8700000	956.19924
4.8800000	953.31980
4.8900000	951.24182
4.9000000	949.25126
4.9100000	947.50792
4.9200000	945.87101
4.9300000	944.01631
4.9400000	941.96130
4.9500000	939.07701
4.9600000	935.76373
4.9700000	933.09439
4.9800000	930.79022
4.9900000	928.36021
5.0000000	926.01511
5.0100000	924.22552
5.0200000	922.15614
5.0300000	920.10918
5.0400000	918.61382
5.0500000	916.68638
5.0600000	914.82684
5.0700000	913.42545
5.0800000	912.47272
5.0900000	911.14353
5.1000000	909.33299
5.1100000	907.61958
5.1200000	906.20721
5.1300000	904.76154
5.1400000	903.77565
5.1500000	902.74024
5.1600000	901.92568
5.1700000	900.18943
5.1800000	898.20301
5.1900000	896.41235
5.2000000	894.76402
5.2100000	893.28646
5.2200000	891.91037
5.2300000	890.75828
5.2400000	889.35917
5.2500000	888.14972
5.2600000	887.21873
5.2700000	886.48329
5.2800000	885.81150
5.2900000	884.68422
5.3000000	883.58139
5.3100000	882.98473
5.3200000	882.11679
5.3300000	881.44600
5.3400000	880.86004
5.3500000	880.33258
5.3600000	879.42935
5.3700000	878.77646
5.3800000	878.33198
5.3900000	878.07313
5.4000000	877.96954
5.4100000	877.78057
5.4200000	877.72705
5.4300000	877.60167
5.4400000	878.20044
5.4500000	879.61167
5.4600000	880.73746
5.4700000	881.95266
5.4800000	882.52635
5.4900000	882.89691
5.5000000	883.04217
5.5100000	884.35987
5.5200000	886.63609
5.5300000	889.12052
5.5400000	889.60278
5.5500000	887.29385
5.5600000	884.69374
5.5700000	882.81138
5.5800000	881.58507
5.5900000	881.16156
5.6000000	880.87877
5.6100000	880.74735
5.6200000	880.33863
5.6300000	880.40397
5.6400000	880.47724
5.6500000	880.52497
5.6600000	880.62850
5.6700000	880.99789
5.6800000	881.27408
5.6900000	881.94014
5.7000000	882.07918
5.7100000	882.54087
5.7200000	882.64945
5.7300000	883.55560
5.7400000	884.51146
5.7500000	884.79739
5.7600000	885.82335
5.7700000	886.78572
5.7800000	887.69325
5.7900000	888.07895
5.8000000	888.35658
5.8100000	889.05693
5.8200000	889.83245
5.8300000	890.70164
5.8400000	891.89745
5.8500000	892.73249
5.8600000	893.67062
5.8700000	895.00294
5.8800000	896.08655
5.8900000	897.27827
5.9000000	898.52550
5.9100000	900.27005
5.9200000	902.45542
5.9300000	904.47328
5.9400000	907.00253
5.9500000	909.76357
5.9600000	912.57109
5.9700000	914.13248
5.9800000	915.06626
5.9900000	915.33140
6.0000000	915.54442
6.0100000	915.89196
6.0200000	916.60199
6.0300000	917.71727
6.0400000	918.46299
6.0500000	919.40282
6.0600000	920.86628
6.0700000	922.44410
6.0800000	923.65805
6.0900000	924.85711
6.1000000	926.33380
6.1100000	927.14434
6.1200000	928.63077
6.1300000	929.93145
6.1400000	931.42455
6.1500000	932.85144
6.1600000	934.04672
6.1700000	935.73041
6.1800000	937.64878
6.1900000	939.35933
6.2000000	941.05398
6.2100000	942.82907
6.2200000	944.19026
6.2300000	945.71433
6.2400000	947.15722
6.2500000	948.39850
6.2600000	949.18866
6.2700000	950.18773
6.2800000	951.42566
6.2900000	952.50968
6.3000000	953.63712
6.3100000	955.18723
6.3200000	956.20466
6.3300000	957.10849
6.3400000	957.63499
6.3500000	958.35792
6.3600000	959.44664
6.3700000	960.05559
6.3800000	961.23767
6.3900000	962.61005
6.4000000	964.57214
6.4100000	966.34361
6.4200000	967.80580
6.4300000	969.61483
6.4400000	970.95408
6.4500000	972.16543
6.4600000	973.46221
6.4700000	975.49920
6.4800000	977.93419
6.4900000	979.29095
6.5000000	979.49487
6.5100000	978.83389
6.5200000	977.35436
6.5300000	976.20622
6.5400000	975.64257
6.5500000	975.64172
6.5600000	975.82827
6.5700000	975.86610
6.5800000	975.75419
6.5900000	975.65010
6.6000000	975.51256
6.6100000	975.80546
6.6200000	976.12204
6.6300000	976.19164
6.6400000	976.14086
6.6500000	976.39461
6.6600000	976.39767
6.6700000	975.68837
6.6800000	974.88611
6.6900000	974.24535
6.7000000	973.22349
6.7100000	972.79013
6.7200000	972.37023
6.7300000	972.37426
6.7400000	972.40272
6.7500000	972.11653
6.7600000	972.04222
6.7700000	973.04849
6.7800000	973.72784
6.7900000	973.49835
6.8000000	972.94946
6.8100000	972.12353
6.8200000	971.46210
6.8300000	971.11558
6.8400000	971.17272
6.8500000	971.08986
6.8600000	971.10769
6.8700000	971.29255
6.8800000	971.39878
6.8900000	971.28566
6.9000000	971.65902
6.9100000	971.86053
6.9200000	971.34018
6.9300000	971.01694
6.9400000	970.72268
6.9500000	970.63104
6.9600000	970.92103
6.9700000	971.27771
6.9800000	971.61865
6.9900000	972.00384
7.0000000	972.56425
7.0100000	972.26658
7.0200000	971.95779
7.0300000	971.96631
7.0400000	972.27554
7.0500000	972.37140
7.0600000	972.44561
7.0700000	972.75129
7.0800000	973.18132
7.0900000	973.71425
7.1000000	973.71586
7.1100000	974.04450
7.1200000	974.33334
7.1300000	974.76671
7.1400000	975.32178
7.1500000	975.89599
7.1600000	976.15255
7.1700000	976.45169
7.1800000	976.87859
7.1900000	977.02050
7.2000000	977.57552
7.2100000	978.42642
7.2200000	979.10720
7.2300000	979.96900
7.2400000	980.98227
7.2500000	981.45291
7.2600000	982.37976
7.2700000	983.35451
7.2800000	984.18266
7.2900000	984.69951
7.3000000	985.00906
7.3100000	985.37437
7.3200000	985.44111
7.3300000	985.61050
7.3400000	985.97390
7.3500000	986.05576
7.3600000	986.47797
7.3700000	987.03814
7.3800000	987.28029
7.3900000	987.53025
7.4000000	987.48780
7.4100000	987.72137
7.4200000	988.11221
7.4300000	988.62788
7.4400000	988.81991
7.4500000	988.69010
7.4600000	988.68085
7.4700000	988.79560
7.4800000	988.61952
7.4900000	988.56095
7.5000000	988.06923
7.5100000	987.56400
7.5200000	986.98999
7.5300000	986.15421
7.5400000	985.18560
7.5500000	984.14837
7.5600000	983.30809
7.5700000	982.14786
7.5800000	981.16931
7.5900000	979.95998
7.6000000	978.44689
7.6100000	976.93260
7.6200000	975.16286
7.6300000	973.14794
7.6400000	970.97857
7.6500000	968.79726
7.6600000	966.60469
7.6700000	964.36673
7.6800000	961.55421
7.6900000	958.72572
7.7000000	955.81506
7.7100000	952.93172
7.7200000	949.85171
7.7300000	946.87532
7.7400000	943.81988
7.7500000	940.40078
7.7600000	936.69527
7.7700000	933.34342
7.7800000	929.49690
7.7900000	925.79648
7.8000000	921.69554
7.8100000	917.76957
7.8200000	913.95122
7.8300000	910.16285
7.8400000	905.72831
7.8500000	900.88383
7.8600000	896.42569
7.8700000	891.41985
7.8800000	886.39148
7.8900000	881.21272
7.9000000	875.87386
7.9100000	870.32699
7.9200000	865.06243
7.9300000	859.64483
7.9400000	854.09220
7.9500000	848.99977
7.9600000	844.04148
7.9700000	838.76965
7.9800000	833.90893
7.9900000	828.62383
8.0000000	823.45571
8.0100000	818.47113
8.0200000	813.53518
8.0300000	808.81749
8.0400000	804.18661
8.0500000	799.17801
8.0600000	794.49799
8.0700000	790.18600
8.0800000	785.47866
8.0900000	780.60422
8.1000000	776.24926
8.1100000	771.90996
8.1200000	767.43023
8.1300000	762.99484
8.1400000	758.42179
8.1500000	754.27415
8.1600000	750.28410
8.1700000	746.12126
8.1800000	742.00232
8.1900000	738.37323
8.2000000	734.88754
8.2100000	731.47998
8.2200000	728.01689
8.2300000	724.28326
8.2400000	720.88640
8.2500000	717.72606
8.2600000	714.22685
8.2700000	710.95685
8.2800000	708.05588
8.2900000	705.29918
8.3000000	702.19782
8.3100000	699.51741
8.3200000	696.98520
8.3300000	694.29882
8.3400000	692.13550
8.3500000	690.08840
8.3600000	687.83691
8.3700000	685.84388
8.3800000	684.07617
8.3900000	682.31834
8.4000000	680.33680
8.4100000	678.17729
8.4200000	676.37845
8.4300000	674.29921
8.4400000	672.48839
8.4500000	670.87934
8.4600000	669.31052
8.4700000	667.41994
8.4800000	665.88355
8.4900000	664.79845
8.5000000	663.76101
8.5100000	662.88804
8.5200000	662.03988
8.5300000	661.18624
8.5400000	660.47824
8.5500000	659.32127
8.5600000	657.74693
8.5700000	656.13112
8.5800000	655.01085
8.5900000	654.26262
8.6000000	653.42181
8.6100000	652.68606
8.6200000	651.68393
8.6300000	651.10372
8.6400000	650.61979
8.6500000	650.22013
8.6600000	649.54629
8.6700000	648.79055
8.6800000	648.53108
8.6900000	648.34376
8.7000000	647.90454
8.7100000	647.37585
8.7200000	647.11715
8.7300000	647.10531
8.7400000	647.18887
8.7500000	646.97682
8.7600000	646.07294
8.7700000	645.81317
8.7800000	645.25653
8.7900000	644.35738
8.8000000	643.69218
8.8100000	643.41590
8.8200000	643.29615
8.8300000	643.18753
8.8400000	642.86695
8.8500000	642.65673
8.8600000	642.66293
8.8700000	642.97720
8.8800000	642.69546
8.8900000	642.20010
8.9000000	641.93640
8.9100000	641.78192
8.9200000	641.40116
8.9300000	641.12410
8.9400000	640.88663
8.9500000	640.79530
8.9600000	640.37461
8.9700000	640.39692
8.9800000	640.47970
8.9900000	640.34785
9.0000000	640.36799
9.0100000	640.03039
9.0200000	640.26398
9.0300000	640.37857
9.0400000	640.43514
9.0500000	640.21754
9.0600000	640.23096
9.0700000	640.31103
9.0800000	640.33736
9.0900000	640.24219
9.1000000	639.95216
9.1100000	639.55173
9.1200000	639.30732
9.1300000	639.13159
9.1400000	639.02586
9.1500000	638.87294
9.1600000	638.58863
9.1700000	638.45378
9.1800000	638.47714
9.1900000	638.49247
9.2000000	638.21766
9.2100000	637.78420
9.2200000	637.62407
9.2300000	637.27145
9.2400000	637.09760
9.2500000	636.77755
9.2600000	636.41806
9.2700000	636.22507
9.2800000	635.84294
9.2900000	635.62475
9.3000000	635.46494
9.3100000	635.48397
9.3200000	635.67546
9.3300000	635.45539
9.3400000	634.95401
9.3500000	634.55632
9.3600000	634.49549
9.3700000	634.13652
9.3800000	633.78138
9.3900000	633.70519
9.4000000	633.71834
9.4100000	633.48031
9.4200000	632.92066
9.4300000	632.55371
9.4400000	632.11274
9.4500000	631.93582
9.4600000	631.55447
9.4700000	631.18539
9.4800000	630.88778
9.4900000	630.68350
9.5000000	630.24292
9.5100000	629.99515
9.5200000	629.68322
9.5300000	629.51817
9.5400000	629.00998
9.5500000	628.27811
9.5600000	628.03068
9.5700000	627.94123
9.5800000	627.94973
9.5900000	627.57968
9.6000000	627.33214
9.6100000	626.99872
9.6200000	626.13121
9.6300000	625.22830
9.6400000	624.76060
9.6500000	624.38511
9.6600000	623.86484
9.6700000	623.34789
9.6800000	622.62520
9.6900000	622.34069
9.7000000	621.47661
9.7100000	620.37377
9.7200000	619.97634
9.7300000	619.37920
9.7400000	618.93955
9.7500000	618.63221
9.7600000	618.19508
9.7700000	617.44351
9.7800000	616.89714
9.7900000	616.37421
9.8000000	615.74609
9.8100000	615.04027
9.8200000	614.32874
9.8300000	613.73670
9.8400000	613.05672
9.8500000	612.36048
9.8600000	611.61418
9.8700000	611.00613
9.8800000	610.60467
9.8900000	609.69557
9.9000000	609.03513
9.9100000	608.44546
9.9200000	607.41748
9.9300000	606.71154
9.9400000	606.09780
9.9500000	605.18372
9.9600000	604.44518
9.9700000	603.76760
9.9800000	603.15471
9.9900000	602.31693
10.000000	601.22260
10.010000	600.12509
10.020000	599.22425
10.030000	598.37268
10.040000	597.73687
10.050000	596.89446
10.060000	596.03501
10.070000	595.47558
10.080000	594.53578
10.090000	593.70424
10.100000	592.93833
10.110000	592.08619
10.120000	591.46899
10.130000	590.70943
10.140000	590.00374
10.150000	589.30617
10.160000	588.52402
10.170000	587.77976
10.180000	587.33039
10.190000	586.68177
10.200000	586.07596
10.210000	585.23562
10.220000	584.12906
10.230000	583.13948
10.240000	582.33171
10.250000	581.61292
10.260000	580.56932
10.270000	579.77730
10.280000	579.14545
10.290000	578.27275
10.300000	577.54806
10.310000	576.68991
10.320000	575.66288
10.330000	574.84341
10.340000	574.30788
10.350000	573.53959
10.360000	572.43698
10.370000	571.56928
10.380000	570.67677
10.390000	569.62690
10.400000	568.96701
10.410000	568.25024
10.420000	567.48708
10.430000	567.01678
10.440000	566.11098
10.450000	565.36847
10.460000	564.83939
10.470000	564.32111
10.480000	563.78395
10.490000	562.96267
10.500000	562.15794
10.510000	561.58753
10.520000	561.27255
10.530000	560.38800
10.540000	559.74375
10.550000	559.12125
10.560000	558.57399
10.570000	558.09728
10.580000	557.66535
10.590000	557.19713
10.600000	556.63583
10.610000	556.19195
10.620000	555.61681
10.630000	555.07686
10.640000	554.71374
10.650000	554.13916
10.660000	553.44037
10.670000	553.17594
10.680000	552.94606
10.690000	552.41730
10.700000	551.90308
10.710000	551.56441
10.720000	551.27773
10.730000	550.87401
10.740000	550.65666
10.750000	550.26898
10.760000	550.07687
10.770000	549.45347
10.780000	549.18784
10.790000	548.91257
10.800000	548.79295
10.810000	548.59465
10.820000	548.46656
10.830000	548.20623
10.840000	547.93096
10.850000	547.58865
10.860000	547.42716
10.870000	547.40084
10.880000	547.58768
10.890000	547.67746
10.900000	547.57674
10.910000	547.56917
10.920000	547.50017
10.930000	547.53461
10.940000	547.63564
10.950000	547.72830
10.960000	547.44442
10.970000	547.25163
10.980000	547.36054
10.990000	547.65069
11.000000	547.51048
11.010000	547.44170
11.020000	547.50648
11.030000	547.53621
11.040000	547.92161
11.050000	548.10064
11.060000	548.27999
11.070000	548.27747
11.080000	548.39923
11.090000	548.48931
11.100000	548.85492
11.110000	549.17718
11.120000	549.36280
11.130000	549.68359
11.140000	549.74258
11.150000	550.13705
11.160000	550.56168
11.170000	550.86683
11.180000	551.18986
11.190000	551.74230
11.200000	552.12190
11.210000	552.22521
11.220000	552.43810
11.230000	553.08762
11.240000	553.28931
11.250000	553.65565
11.260000	554.08552
11.270000	554.43904
11.280000	554.92197
11.290000	555.53808
11.300000	555.93665
11.310000	556.23183
11.320000	556.72537
11.330000	557.00573
11.340000	557.28465
11.350000	558.13684
11.360000	558.65300
11.370000	559.08742
11.380000	559.45381
11.390000	559.84972
11.400000	560.04919
11.410000	560.41784
11.420000	560.95453
11.430000	561.55852
11.440000	562.06536
11.450000	562.15739
11.460000	562.56737
11.470000	563.18330
11.480000	563.72478
11.490000	564.13898
11.500000	564.57263
11.510000	564.98248
11.520000	565.14360
11.530000	565.29553
11.540000	565.72998
11.550000	566.19514
11.560000	566.84195
11.570000	567.39204
11.580000	567.47870
11.590000	567.91480
11.600000	567.85823
11.610000	567.91741
11.620000	568.36137
11.630000	568.51085
11.640000	568.88438
11.650000	569.23557
11.660000	569.47093
11.670000	570.10056
11.680000	570.13688
11.690000	570.33398
11.700000	570.42577
11.710000	570.66345
11.720000	570.69673
11.730000	570.94562
11.740000	571.38664
11.750000	571.35384
11.760000	571.52508
11.770000	571.84514
11.780000	571.97710
11.790000	572.01176
11.800000	572.09008
11.810000	572.12215
11.820000	572.24354
11.830000	572.47171
11.840000	572.42917
11.850000	572.32871
11.860000	572.47133
11.870000	572.51485
11.880000	572.38459
11.890000	572.27269
11.900000	572.06743
11.910000	571.97435
11.920000	571.95233
11.930000	572.03600
11.940000	571.91167
11.950000	571.63693
11.960000	571.24829
11.970000	571.27220
11.980000	571.21659
11.990000	570.96179
12.000000	570.74761
12.010000	570.83494
12.020000	570.42223
12.030000	570.07315
12.040000	570.17059
12.050000	570.01874
12.060000	569.99499
12.070000	569.85354
12.080000	569.42241
12.090000	569.18040
12.100000	568.82993
12.110000	568.69553
12.120000	568.41021
12.130000	568.60403
12.140000	568.21396
12.150000	567.64850
12.160000	567.45474
12.170000	567.24038
12.180000	566.79238
12.190000	566.31248
12.200000	566.11091
12.210000	565.89225
12.220000	565.48328
12.230000	565.17735
12.240000	564.58887
12.250000	564.28979
12.260000	563.85720
12.270000	563.59590
12.280000	563.33148
12.290000	563.27096
12.300000	563.03129
12.310000	562.65512
12.320000	562.55646
12.330000	562.13857
12.340000	561.64924
12.350000	561.50902
12.360000	561.05561
12.370000	560.76416
12.380000	560.43046
12.390000	560.23709
12.400000	559.63542
12.410000	559.50137
12.420000	559.13896
12.430000	558.63838
12.440000	558.55447
12.450000	557.89868
12.460000	557.75758
12.470000	557.61601
12.480000	557.13077
12.490000	556.74697
12.500000	556.61362
12.510000	556.17023
12.520000	555.80053
12.530000	555.59081
12.540000	555.04635
12.550000	554.57320
12.560000	554.23000
12.570000	553.92693
12.580000	553.72433
12.590000	552.99679
12.600000	552.66261
12.610000	552.51217
12.620000	552.09323
12.630000	551.67200
12.640000	551.38647
12.650000	551.00373
12.660000	550.51490
12.670000	550.35968
12.680000	549.89880
12.690000	549.15750
12.700000	548.90728
12.710000	548.81688
12.720000	548.57330
12.730000	548.13764
12.740000	547.76608
12.750000	547.42372
12.760000	546.94221
12.770000	546.51562
12.780000	546.25728
12.790000	545.89482
12.800000	545.58173
12.810000	545.02045
12.820000	544.95823
12.830000	544.97585
12.840000	544.50245
12.850000	544.05445
12.860000	543.44556
12.870000	542.89998
12.880000	542.56559
12.890000	542.25722
12.900000	541.90196
12.910000	541.56868
12.920000	541.10848
12.930000	540.45354
12.940000	540.23375
12.950000	539.58184
12.960000	539.41106
12.970000	539.15160
12.980000	538.47583
12.990000	537.83821
13.000000	537.80686
13.010000	537.36575
13.020000	537.00773
13.030000	536.67545
13.040000	536.32998
13.050000	535.82882
13.060000	535.47095
13.070000	534.75422
13.080000	534.58165
13.090000	534.49728
13.100000	533.97002
13.110000	533.33810
13.120000	533.26480
13.130000	533.03349
13.140000	532.78374
13.150000	532.34812
13.160000	532.23763
13.170000	531.52352
13.180000	530.89512
13.190000	530.65187
13.200000	530.20902
13.210000	529.59588
13.220000	529.11452
13.230000	528.70375
13.240000	528.41543
13.250000	527.89986
13.260000	527.45493
13.270000	527.12169
13.280000	526.64575
13.290000	526.13975
13.300000	525.81553
13.310000	525.26141
13.320000	524.91413
13.330000	524.53710
13.340000	524.08636
13.350000	523.76583
13.360000	523.38277
13.370000	523.04696
13.380000	522.30984
13.390000	521.90801
13.400000	521.66592
13.410000	521.35687
13.420000	520.85909
13.430000	520.43107
13.440000	519.90918
13.450000	519.42613
13.460000	518.94508
13.470000	518.57982
13.480000	518.17698
13.490000	517.72408
13.500000	517.42431
13.510000	516.96258
13.520000	516.54016
13.530000	516.00676
13.540000	515.84474
13.550000	515.15248
13.560000	514.59803
13.570000	514.22778
13.580000	513.76061
13.590000	513.49683
13.600000	513.21729
13.610000	512.47111
13.620000	511.83093
13.630000	511.35655
13.640000	511.07543
13.650000	510.41189
13.660000	510.11598
13.670000	509.93811
13.680000	509.57287
13.690000	508.87480
13.700000	508.44714
13.710000	508.15912
13.720000	507.74723
13.730000	507.19026
13.740000	506.80223
13.750000	506.31773
13.760000	505.80393
13.770000	505.04854
13.780000	504.50237
13.790000	504.42361
13.800000	503.89438
13.810000	503.63513
13.820000	503.39431
13.830000	502.94092
13.840000	502.08996
13.850000	501.45768
13.860000	501.27926
13.870000	500.64795
13.880000	500.17433
13.890000	499.79126
13.900000	499.45763
13.910000	499.11463
13.920000	498.73702
13.930000	498.66328
13.940000	498.09786
13.950000	497.62457
13.960000	497.21529
13.970000	496.68639
13.980000	496.07624
13.990000	495.72456
14.000000	495.25886
14.010000	494.94997
14.020000	494.45736
14.030000	493.93977
14.040000	493.52929
14.050000	493.41250
14.060000	492.90864
14.070000	492.27977
14.080000	492.12696
14.090000	491.65798
14.100000	491.13912
14.110000	490.72986
14.120000	490.46872
14.130000	490.07679
14.140000	489.65597
14.150000	489.28139
14.160000	488.32577
14.170000	487.99155
14.180000	487.92188
14.190000	487.84633
14.200000	487.42607
14.210000	486.93032
14.220000	486.48052
14.230000	486.08620
14.240000	485.50260
14.250000	485.41932
14.260000	484.88445
14.270000	484.56555
14.280000	484.38845
14.290000	484.03430
14.300000	483.49440
14.310000	483.08510
14.320000	482.66799
14.330000	482.49168
14.340000	482.30015
14.350000	481.72984
14.360000	481.20912
14.370000	481.13159
14.380000	480.97280
14.390000	480.41585
14.400000	480.09497
14.410000	479.75176
14.420000	479.56485
14.430000	479.34736
14.440000	478.96985
14.450000	478.54070
14.460000	478.12563
14.470000	477.57821
14.480000	477.18362
14.490000	477.11410
14.500000	477.11904
14.510000	476.53658
14.520000	476.18635
14.530000	475.87983
14.540000	475.60571
14.550000	475.31877
14.560000	475.05176
14.570000	474.87645
14.580000	474.51358
14.590000	474.09983
14.600000	473.76783
14.610000	473.68237
14.620000	473.45561
14.630000	473.04693
14.640000	472.39167
14.650000	472.09870
14.660000	471.96864
14.670000	471.68188
14.680000	471.57794
14.690000	471.32605
14.700000	471.35770
14.710000	471.35680
14.720000	470.62566
14.730000	470.45607
14.740000	470.48064
14.750000	470.08134
14.760000	470.13609
14.770000	469.91840
14.780000	469.23013
14.790000	469.27714
14.800000	469.02916
14.810000	469.03601
14.820000	468.95158
14.830000	468.47178
14.840000	468.06624
14.850000	468.07780
14.860000	467.84263
14.870000	467.42080
14.880000	467.09608
14.890000	467.06066
14.900000	466.94378
14.910000	466.55077
14.920000	466.46753
14.930000	466.15980
14.940000	465.84575
14.950000	465.61791
14.960000	465.50133
14.970000	465.23629
14.980000	465.25968
14.990000	465.32348
15.000000	465.04835
15.010000	464.73705
15.020000	464.82032
15.030000	464.48573
15.040000	464.30189
15.050000	464.08006
15.060000	463.99669
15.070000	463.83489
15.080000	463.68559
15.090000	463.45799
15.100000	463.35714
15.110000	463.39214
15.120000	463.48630
15.130000	463.07470
15.140000	462.86587
15.150000	462.73356
15.160000	462.27244
15.170000	462.04770
15.180000	461.95737
15.190000	461.69756
15.200000	461.68814
15.210000	461.57159
15.220000	461.40942
15.230000	461.57374
15.240000	461.71796
15.250000	461.25139
15.260000	460.85855
15.270000	460.85687
15.280000	460.51030
15.290000	460.03700
15.300000	460.01552
15.310000	460.02183
15.320000	459.90826
15.330000	459.80908
15.340000	459.82015
15.350000	459.63981
15.360000	459.60246
15.370000	459.33451
15.380000	459.14485
15.390000	458.95734
15.400000	458.70073
15.410000	458.68776
15.420000	458.80530
15.430000	458.49738
15.440000	458.26000
15.450000	457.77783
15.460000	457.50816
15.470000	457.67466
15.480000	457.68806
15.490000	457.39016
15.500000	457.35735
15.510000	457.00273
15.520000	456.73238
15.530000	456.81560
15.540000	456.71394
15.550000	456.64503
15.560000	456.43987
15.570000	456.42740
15.580000	456.50714
15.590000	456.20556
15.600000	456.04012
15.610000	455.79660
15.620000	455.49795
15.630000	455.86537
15.640000	455.55014
15.650000	454.89385
15.660000	454.95614
15.670000	454.71342
15.680000	454.66853
15.690000	454.69511
15.700000	454.41609
15.710000	454.39970
15.720000	454.08732
15.730000	454.05077
15.740000	454.11762
15.750000	453.70522
15.760000	453.71950
15.770000	453.67209
15.780000	453.52388
15.790000	453.55993
15.800000	453.24884
15.810000	452.69780
15.820000	452.56470
15.830000	452.78500
15.840000	452.33752
15.850000	451.91103
15.860000	452.12052
15.870000	452.16594
15.880000	452.09561
15.890000	451.95083
15.900000	451.72401
15.910000	451.26772
15.920000	451.19294
15.930000	450.99026
15.940000	451.10873
15.950000	450.90169
15.960000	450.62831
15.970000	450.33240
15.980000	450.53825
15.990000	450.23476
16.000000	449.95008
16.010000	449.70147
16.020000	449.85736
16.030000	449.55582
16.040000	449.37862
16.050000	449.38518
16.060000	449.00509
16.070000	448.77143
16.080000	448.64788
16.090000	448.53088
16.100000	448.44145
16.110000	448.19189
16.120000	447.92369
16.130000	447.94998
16.140000	447.85310
16.150000	447.41879
16.160000	447.33623
16.170000	447.11461
16.180000	447.26175
16.190000	447.31992
16.200000	447.03207
16.210000	446.81023
16.220000	446.63128
16.230000	446.37994
16.240000	446.03837
16.250000	445.99712
16.260000	446.04227
16.270000	445.92193
16.280000	445.59981
16.290000	445.32277
16.300000	445.20913
16.310000	444.94756
16.320000	444.55151
16.330000	444.65097
16.340000	444.48207
16.350000	444.39266
16.360000	443.92554
16.370000	443.80801
16.380000	443.92547
16.390000	443.74003
16.400000	443.53489
16.410000	443.54908
16.420000	443.10597
16.430000	443.04150
16.440000	443.18586
16.450000	442.83071
16.460000	442.56183
16.470000	442.12521
16.480000	442.13171
16.490000	442.28470
16.500000	441.95781
16.510000	441.56682
16.520000	441.64008
16.530000	441.31864
16.540000	441.13577
16.550000	440.79244
16.560000	440.50533
16.570000	440.45323
16.580000	440.33284
16.590000	440.09331
16.600000	440.07031
16.610000	439.66419
16.620000	439.64958
16.630000	439.65886
16.640000	439.79699
16.650000	439.72823
16.660000	439.46457
16.670000	438.95435
16.680000	439.03650
16.690000	438.58234
16.700000	438.36556
16.710000	438.35021
16.720000	438.53543
16.730000	438.09873
16.740000	438.14936
16.750000	438.04734
16.760000	437.88309
16.770000	437.55034
16.780000	437.55694
16.790000	437.52707
16.800000	437.08250
16.810000	436.90222
16.820000	436.56911
16.830000	436.89214
16.840000	436.76688
16.850000	436.70302
16.860000	436.57237
16.870000	436.16495
16.880000	436.13479
16.890000	436.30442
16.900000	436.19518
16.910000	435.83988
16.920000	435.91560
16.930000	435.44892
16.940000	435.43876
16.950000	435.56256
16.960000	435.40685
16.970000	435.09584
16.980000	435.05802
16.990000	435.44694
17.000000	435.12554
17.010000	434.89744
17.020000	435.18633
17.030000	434.86105
17.040000	434.85950
17.050000	434.45076
17.060000	434.40993
17.070000	434.64707
17.080000	434.42193
17.090000	434.26087
17.100000	433.96279
17.110000	433.92061
17.120000	434.24588
17.130000	433.99920
17.140000	433.84702
17.150000	434.04153
17.160000	433.98670
17.170000	433.83286
17.180000	433.86563
17.190000	433.81960
17.200000	433.24884
17.210000	433.49516
17.220000	433.32897
17.230000	433.11658
17.240000	433.60772
17.250000	433.85801
17.260000	433.49041
17.270000	433.52575
17.280000	433.22238
17.290000	432.87903
17.300000	433.03482
17.310000	433.35129
17.320000	433.42321
17.330000	433.14831
17.340000	433.27262
17.350000	433.38556
17.360000	433.38528
17.370000	433.26705
17.380000	433.26304
17.390000	433.32822
17.400000	433.58183
17.410000	433.43333
17.420000	433.16475
17.430000	433.26873
17.440000	433.56202
17.450000	433.36750
17.460000	433.63961
17.470000	433.51232
17.480000	433.23228
17.490000	433.64655
17.500000	433.68929
17.510000	433.42746
17.520000	433.54292
17.530000	433.56720
17.540000	433.65570
17.550000	433.82790
17.560000	434.00093
17.570000	433.98762
17.580000	433.89248
17.590000	433.74072
17.600000	433.76172
17.610000	433.93929
17.620000	434.08495
17.630000	434.08062
17.640000	434.02358
17.650000	433.85067
17.660000	434.15556
17.670000	434.38201
17.680000	434.24922
17.690000	434.38037
17.700000	434.55363
17.710000	434.66766
17.720000	434.60222
17.730000	434.89291
17.740000	434.83056
17.750000	434.73174
17.760000	434.68209
17.770000	434.79757
17.780000	435.01173
17.790000	434.85438
17.800000	434.94750
17.810000	435.01109
17.820000	435.15640
17.830000	435.21720
17.840000	435.35338
17.850000	435.57186
17.860000	435.09427
17.870000	435.24004
17.880000	435.59573
17.890000	435.69774
17.900000	435.73610
17.910000	435.80785
17.920000	435.84481
17.930000	435.88411
17.940000	435.97342
17.950000	436.22057
17.960000	435.94287
17.970000	435.86929
17.980000	436.15393
17.990000	436.23706
18.000000	436.25864
18.010000	436.70004
18.020000	436.41282
18.030000	436.50366
18.040000	436.42143
18.050000	436.58239
18.060000	436.70191
18.070000	436.79169
18.080000	436.86248
18.090000	436.92648
18.100000	436.98300
18.110000	436.88179
18.120000	436.81120
18.130000	437.07139
18.140000	436.85584
18.150000	436.88472
18.160000	436.89545
18.170000	437.25720
18.180000	437.30066
18.190000	437.15367
18.200000	437.16870
18.210000	437.21274
18.220000	437.23836
18.230000	437.16859
18.240000	437.13239
18.250000	437.15331
18.260000	437.10058
18.270000	436.96440
18.280000	437.20320
18.290000	437.30852
18.300000	437.27009
18.310000	437.32515
18.320000	437.35559
18.330000	437.33152
18.340000	437.24466
18.350000	437.22717
18.360000	437.27049
18.370000	437.49421
18.380000	437.54795
18.390000	437.42365
18.400000	437.53789
18.410000	437.24007
18.420000	437.32134
18.430000	437.12727
18.440000	437.02426
18.450000	436.79976
18.460000	436.66880
18.470000	436.72879
18.480000	436.91236
18.490000	437.00912
18.500000	436.97932
18.510000	436.83667
18.520000	436.86604
18.530000	436.83798
18.540000	436.61935
18.550000	436.75345
18.560000	436.54504
18.570000	436.25288
18.580000	436.11816
18.590000	435.98672
18.600000	435.70294
18.610000	435.66436
18.620000	435.66502
18.630000	435.84792
18.640000	435.80857
18.650000	435.66353
18.660000	435.47202
18.670000	435.46285
18.680000	435.51032
18.690000	434.93323
18.700000	434.92115
18.710000	434.91351
18.720000	434.65791
18.730000	434.20302
18.740000	434.16587
18.750000	434.11901
18.760000	434.03113
18.770000	433.82110
18.780000	433.54663
18.790000	433.73204
18.800000	433.75204
18.810000	433.39324
18.820000	433.06237
18.830000	432.89623
18.840000	432.85166
18.850000	433.02400
18.860000	432.79324
18.870000	432.22984
18.880000	432.21812
18.890000	432.20450
18.900000	431.76443
18.910000	431.82068
18.920000	431.95405
18.930000	431.71639
18.940000	431.27042
18.950000	431.18075
18.960000	431.27649
18.970000	430.92938
18.980000	430.53963
18.990000	430.26118
19.000000	430.21428
19.010000	429.80138
19.020000	429.82832
19.030000	429.79570
19.040000	429.58590
19.050000	429.43261
19.060000	429.24596
19.070000	429.12771
19.080000	428.64827
19.090000	428.18625
19.100000	428.14410
19.110000	427.96537
19.120000	427.90743
19.130000	427.65288
19.140000	427.43361
19.150000	427.21987
19.160000	427.11690
19.170000	426.65580
19.180000	426.36931
19.190000	426.49261
19.200000	426.39149
19.210000	426.08640
19.220000	425.80892
19.230000	425.60455
19.240000	425.37000
19.250000	425.44425
19.260000	424.81182
19.270000	424.21800
19.280000	424.40680
19.290000	424.40602
19.300000	424.51437
19.310000	424.42044
19.320000	423.90223
19.330000	423.64617
19.340000	423.45853
19.350000	423.18178
19.360000	423.04618
19.370000	422.72247
19.380000	422.62513
19.390000	422.66912
19.400000	422.24337
19.410000	421.73679
19.420000	421.83380
19.430000	421.76688
19.440000	421.62391
19.450000	421.39770
19.460000	421.08819
19.470000	420.64604
19.480000	420.54740
19.490000	420.37236
19.500000	420.09477
19.510000	419.87134
19.520000	420.10383
19.530000	419.44950
19.540000	418.97679
19.550000	419.24934
19.560000	419.22219
19.570000	419.01542
19.580000	418.93437
19.590000	418.39078
19.600000	418.06590
19.610000	417.87340
19.620000	417.75182
19.630000	417.46765
19.640000	417.05085
19.650000	417.03428
19.660000	416.90752
19.670000	417.07082
19.680000	416.63487
19.690000	416.15914
19.700000	415.88738
19.710000	415.90458
19.720000	415.51354
19.730000	415.52218
19.740000	415.49661
19.750000	414.92905
19.760000	414.74842
19.770000	414.94843
19.780000	414.67806
19.790000	414.18965
19.800000	414.27239
19.810000	414.05655
19.820000	414.10914
19.830000	413.98004
19.840000	413.52500
19.850000	413.35122
19.860000	413.30650
19.870000	413.01318
19.880000	412.69512
19.890000	412.64268
19.900000	412.56402
19.910000	412.33171
19.920000	412.09491
19.930000	412.24603
19.940000	412.06489
19.950000	411.50220
19.960000	411.49004
19.970000	411.38116
19.980000	411.22779
19.990000	410.86815
20.000000	410.88323
20.010000	410.84382
20.020000	410.55096
20.030000	410.29022
20.040000	410.21161
20.050000	410.18350
20.060000	409.90087
20.070000	409.83669
20.080000	409.88650
20.090000	409.09265
20.100000	409.07519
20.110000	409.15978
20.120000	409.10871
20.130000	408.76123
20.140000	408.44027
20.150000	408.58509
20.160000	408.39352
20.170000	408.14446
20.180000	407.90843
20.190000	407.68532
20.200000	407.66191
20.210000	407.34660
20.220000	407.43419
20.230000	407.39829
20.240000	407.25110
20.250000	407.25501
20.260000	406.72890
20.270000	406.64855
20.280000	406.84403
20.290000	406.51060
20.300000	406.26664
20.310000	406.22792
20.320000	406.04426
20.330000	405.96708
20.340000	405.81546
20.350000	405.70083
20.360000	405.53378
20.370000	405.24415
20.380000	405.06578
20.390000	405.15547
20.400000	404.94682
20.410000	404.49169
20.420000	404.67980
20.430000	404.69226
20.440000	404.60633
20.450000	404.45668
20.460000	404.16016
20.470000	404.12087
20.480000	404.30144
20.490000	404.11818
20.500000	403.99132
20.510000	403.91205
20.520000	403.72460
20.530000	403.44571
20.540000	403.32851
20.550000	403.26189
20.560000	403.17930
20.570000	403.37924
20.580000	403.25225
20.590000	402.90892
20.600000	402.79711
20.610000	402.65850
20.620000	402.39315
20.630000	402.45666
20.640000	402.05345
20.650000	401.78000
20.660000	402.03907
20.670000	402.28529
20.680000	402.01566
20.690000	401.72596
20.700000	401.91703
20.710000	401.98101
20.720000	401.87572
20.730000	401.53505
20.740000	401.46408
20.750000	401.15203
20.760000	401.02440
20.770000	401.19119
20.780000	401.13212
20.790000	400.84384
20.800000	400.57503
20.810000	400.56533
20.820000	400.42731
20.830000	400.61243
20.840000	400.66478
20.850000	400.34531
20.860000	400.38786
20.870000	400.07621
20.880000	399.82896
20.890000	399.69844
20.900000	399.57003
20.910000	399.83987
20.920000	399.72685
20.930000	399.67134
20.940000	399.76560
20.950000	399.45410
20.960000	399.15795
20.970000	399.48555
20.980000	399.31888
20.990000	398.91929
21.000000	399.12243
21.010000	399.37013
21.020000	399.11955
21.030000	398.99344
21.040000	398.73232
21.050000	398.43210
21.060000	398.58419
21.070000	398.68163
21.080000	398.64694
21.090000	398.26316
21.100000	398.03338
21.110000	398.09417
21.120000	398.11509
21.130000	398.00454
21.140000	398.14382
21.150000	398.17124
21.160000	397.85131
21.170000	397.69237
21.180000	397.97852
21.190000	398.12273
21.200000	397.84582
21.210000	397.42756
21.220000	397.23902
21.230000	397.19542
21.240000	396.96558
21.250000	397.17296
21.260000	397.49793
21.270000	397.20585
21.280000	396.95424
21.290000	397.16423
21.300000	397.15457
21.310000	396.98081
21.320000	396.74120
21.330000	396.54404
21.340000	396.37985
21.350000	396.63637
21.360000	396.32484
21.370000	396.10417
21.380000	396.25125
21.390000	396.07547
21.400000	396.00420
21.410000	396.01657
21.420000	396.16568
21.430000	396.18706
21.440000	396.05936
21.450000	396.02615
21.460000	395.62212
21.470000	395.69197
21.480000	395.90607
21.490000	395.65812
21.500000	395.29760
21.510000	395.56322
21.520000	395.45086
21.530000	395.37344
21.540000	395.47186
21.550000	395.18331
21.560000	395.31323
21.570000	395.30471
21.580000	395.48823
21.590000	395.27852
21.600000	395.13562
21.610000	395.05559
21.620000	394.79661
21.630000	395.12014
21.640000	395.06715
21.650000	394.92112
21.660000	394.80611
21.670000	394.97443
21.680000	395.03172
21.690000	394.84756
21.700000	394.89914
21.710000	394.63434
21.720000	394.33586
21.730000	394.11215
21.740000	394.30146
21.750000	394.23531
21.760000	394.12108
21.770000	393.98019
21.780000	394.20581
21.790000	394.65613
21.800000	394.43168
21.810000	394.06713
21.820000	394.29125
21.830000	394.04938
21.840000	393.99279
21.850000	393.80822
21.860000	393.74457
21.870000	393.83681
21.880000	393.55466
21.890000	393.46332
21.900000	393.77571
21.910000	393.91667
21.920000	393.47216
21.930000	393.62290
21.940000	393.35186
21.950000	393.08160
21.960000	393.11526
21.970000	393.31790
21.980000	393.22592
21.990000	393.15963
22.000000	393.41287
22.010000	393.06865
22.020000	392.88744
22.030000	393.06021
22.040000	392.88024
22.050000	392.81553
22.060000	393.09818
22.070000	392.94108
22.080000	392.72926
22.090000	392.56479
22.100000	392.69406
22.110000	392.72125
22.120000	392.98537
22.130000	392.70680
22.140000	392.37603
22.150000	392.43279
22.160000	392.42125
22.170000	392.54649
22.180000	392.20279
22.190000	392.32775
22.200000	392.53593
22.210000	392.22605
22.220000	392.10599
22.230000	392.29472
22.240000	392.30194
22.250000	392.14383
22.260000	392.33952
22.270000	392.03236
22.280000	391.80794
22.290000	391.84101
22.300000	391.92887
22.310000	391.96826
22.320000	392.05274
22.330000	392.00740
22.340000	391.65117
22.350000	391.69896
22.360000	391.75201
22.370000	391.35750
22.380000	391.34283
22.390000	391.10502
22.400000	391.23995
22.410000	391.46083
22.420000	391.33346
22.430000	391.22445
22.440000	391.47717
22.450000	391.38905
22.460000	391.46895
22.470000	391.28666
22.480000	391.31397
22.490000	391.16480
22.500000	391.12556
22.510000	391.02063
22.520000	390.91856
22.530000	391.07339
22.540000	391.04420
22.550000	391.09259
22.560000	390.90932
22.570000	390.80613
22.580000	390.95098
22.590000	390.97638
22.600000	390.70270
22.610000	390.45044
22.620000	390.47326
22.630000	390.39180
22.640000	390.47891
22.650000	390.46941
22.660000	390.46029
22.670000	390.37300
22.680000	390.15720
22.690000	390.10736
22.700000	389.86752
22.710000	390.17297
22.720000	390.06380
22.730000	390.18819
22.740000	390.15380
22.750000	390.20948
22.760000	390.01409
22.770000	389.90829
22.780000	389.85630
22.790000	389.76142
22.800000	389.71644
22.810000	389.76916
22.820000	389.69378
22.830000	389.70709
22.840000	389.80805
22.850000	389.60254
22.860000	389.39726
22.870000	389.18828
22.880000	389.32198
22.890000	389.63706
22.900000	389.52106
22.910000	389.22521
22.920000	389.21229
22.930000	389.20992
22.940000	389.17883
22.950000	389.04706
22.960000	388.84420
22.970000	388.91151
22.980000	388.99920
22.990000	389.06963
23.000000	389.09753
23.010000	388.84142
23.020000	388.60849
23.030000	388.32360
23.040000	388.52570
23.050000	388.84545
23.060000	388.98092
23.070000	388.80158
23.080000	388.65638
23.090000	388.36222
23.100000	388.51598
23.110000	388.62632
23.120000	388.26021
23.130000	388.51797
23.140000	388.35028
23.150000	388.15096
23.160000	388.06822
23.170000	388.36247
23.180000	388.11805
23.190000	388.02932
23.200000	387.98839
23.210000	387.95751
23.220000	387.57933
23.230000	387.77366
23.240000	387.68496
23.250000	387.62028
23.260000	387.67160
23.270000	388.03830
23.280000	387.91478
23.290000	387.60661
23.300000	387.48531
23.310000	387.59709
23.320000	387.71968
23.330000	387.84736
23.340000	387.39658
23.350000	387.50802
23.360000	387.53401
23.370000	387.34077
23.380000	387.43115
23.390000	387.08685
23.400000	387.03170
23.410000	387.09636
23.420000	387.15643
23.430000	387.18026
23.440000	387.15824
23.450000	386.99606
23.460000	386.84667
23.470000	387.00509
23.480000	386.85512
23.490000	387.18507
23.500000	386.95351
23.510000	386.59163
23.520000	386.51269
23.530000	386.69488
23.540000	386.50081
23.550000	386.67475
23.560000	386.57529
23.570000	386.40414
23.580000	386.35315
23.590000	386.35753
23.600000	386.28874
23.610000	386.30201
23.620000	386.20970
23.630000	386.27974
23.640000	386.23527
23.650000	386.12410
23.660000	386.04529
23.670000	385.94976
23.680000	385.94693
23.690000	385.76145
23.700000	385.84794
23.710000	385.82629
23.720000	385.86759
23.730000	385.91981
23.740000	386.12943
23.750000	386.04048
23.760000	385.94725
23.770000	385.95305
23.780000	385.75407
23.790000	385.59200
23.800000	385.56336
23.810000	385.49250
23.820000	385.22314
23.830000	385.25841
23.840000	385.40771
23.850000	385.18973
23.860000	385.24525
23.870000	385.25276
23.880000	385.24203
23.890000	385.18289
23.900000	385.15889
23.910000	385.31899
23.920000	385.45915
23.930000	385.22887
23.940000	385.02841
23.950000	384.85847
23.960000	384.82087
23.970000	384.68307
23.980000	384.72975
23.990000	384.91093
24.000000	384.94867
24.010000	384.91559
24.020000	384.70478
24.030000	384.76391
24.040000	384.68749
24.050000	384.63864
24.060000	384.72924
24.070000	384.55277
24.080000	384.56361
24.090000	384.41587
24.100000	384.25539
24.110000	384.47192
24.120000	384.72613
24.130000	384.48819
24.140000	384.62043
24.150000	384.78064
24.160000	384.25945
24.170000	384.38002
24.180000	384.18816
24.190000	384.24485
24.200000	384.57414
24.210000	384.39401
24.220000	384.28744
24.230000	384.21366
24.240000	384.25149
24.250000	383.97471
24.260000	384.06110
24.270000	383.83818
24.280000	384.28841
24.290000	384.13710
24.300000	384.09479
24.310000	384.00634
24.320000	384.08844
24.330000	384.16957
24.340000	384.07265
24.350000	383.81784
24.360000	383.69417
24.370000	383.56622
24.380000	383.64688
24.390000	383.82913
24.400000	383.87220
24.410000	383.52805
24.420000	383.53663
24.430000	383.62829
24.440000	383.38963
24.450000	383.50560
24.460000	383.38990
24.470000	383.45713
24.480000	383.40790
24.490000	383.45949
24.500000	383.75442
24.510000	383.45757
24.520000	383.37270
24.530000	383.39820
24.540000	383.10703
24.550000	382.94678
24.560000	383.25617
24.570000	383.07183
24.580000	383.27242
24.590000	383.23746
24.600000	383.03133
24.610000	382.83405
24.620000	382.48295
24.630000	382.31522
24.640000	382.57674
24.650000	382.62682
24.660000	382.78501
24.670000	382.79125
24.680000	382.37660
24.690000	382.42699
24.700000	382.68963
24.710000	382.94593
24.720000	382.76459
24.730000	382.61294
24.740000	382.54581
24.750000	382.57879
24.760000	382.49542
24.770000	382.35669
24.780000	382.09345
24.790000	382.27971
24.800000	382.25347
24.810000	382.20571
24.820000	382.17128
24.830000	381.83740
24.840000	382.04935
24.850000	382.01677
24.860000	381.89895
24.870000	382.22003
24.880000	382.12938
24.890000	382.20874
24.900000	381.95975
24.910000	381.60640
24.920000	381.90325
24.930000	381.96075
24.940000	381.63660
24.950000	381.70061
24.960000	381.49826
24.970000	381.78091
24.980000	382.02749
24.990000	381.65398
25.000000	381.25790
25.010000	381.45537
25.020000	381.36009
25.030000	381.48510
25.040000	381.38254
25.050000	381.29420
25.060000	381.04430
25.070000	381.21529
25.080000	381.22885
25.090000	381.35196
25.100000	381.19937
25.110000	381.14311
25.120000	380.75148
25.130000	380.62189
25.140000	380.60281
25.150000	380.87866
25.160000	380.82960
25.170000	380.71960
25.180000	380.54861
25.190000	380.48111
25.200000	380.69444
25.210000	380.51828
25.220000	380.65428
25.230000	380.51045
25.240000	380.36885
25.250000	380.09718
25.260000	379.98525
25.270000	379.96382
25.280000	380.00294
25.290000	379.94013
25.300000	379.89024
25.310000	379.80360
25.320000	379.38549
25.330000	379.39527
25.340000	379.93153
25.350000	380.07618
25.360000	379.36005
25.370000	379.57872
25.380000	379.27297
25.390000	379.20666
25.400000	379.47896
25.410000	379.56765
25.420000	379.33916
25.430000	379.18832
25.440000	379.10694
25.450000	378.99950
25.460000	378.84586
25.470000	378.68779
25.480000	378.45820
25.490000	378.54095
25.500000	378.88677
25.510000	378.76793
25.520000	378.69337
25.530000	378.50709
25.540000	378.70445
25.550000	378.77609
25.560000	378.69067
25.570000	378.38503
25.580000	378.16801
25.590000	378.08765
25.600000	378.19062
25.610000	377.76692
25.620000	377.52535
25.630000	377.57638
25.640000	377.35962
25.650000	377.30936
25.660000	377.39995
25.670000	377.49815
25.680000	377.58051
25.690000	377.30229
25.700000	377.25826
25.710000	377.22251
25.720000	377.30494
25.730000	377.05195
25.740000	376.97099
25.750000	376.77158
25.760000	376.80727
25.770000	376.66577
25.780000	376.62138
25.790000	376.34489
25.800000	376.47914
25.810000	376.44484
25.820000	376.01389
25.830000	376.01458
25.840000	376.15274
25.850000	376.08521
25.860000	375.96257
25.870000	376.08246
25.880000	375.84735
25.890000	375.55065
25.900000	375.64747
25.910000	375.44375
25.920000	375.77299
25.930000	375.50183
25.940000	375.07761
25.950000	374.98919
25.960000	375.25832
25.970000	375.54237
25.980000	375.45163
25.990000	375.43551
26.000000	375.08168
26.010000	374.64873
26.020000	374.65885
26.030000	374.48317
26.040000	374.70237
26.050000	374.64567
26.060000	374.37862
26.070000	374.57250
26.080000	374.23014
26.090000	374.19034
26.100000	374.29330
26.110000	374.18042
26.120000	374.09118
26.130000	373.86701
26.140000	373.81141
26.150000	373.52437
26.160000	373.60320
26.170000	373.59218
26.180000	373.42371
26.190000	373.42724
26.200000	373.41677
26.210000	373.19025
26.220000	373.23845
26.230000	373.03066
26.240000	372.92788
26.250000	373.32585
26.260000	373.44398
26.270000	373.10051
26.280000	372.85630
26.290000	372.77475
26.300000	372.60812
26.310000	372.71657
26.320000	372.69862
26.330000	372.70435
26.340000	372.16846
26.350000	372.29425
26.360000	372.28537
26.370000	372.10861
26.380000	372.28155
26.390000	372.12516
26.400000	372.22071
26.410000	371.79183
26.420000	371.84324
26.430000	372.00208
26.440000	371.40815
26.450000	371.36344
26.460000	371.70736
26.470000	371.66027
26.480000	371.53225
26.490000	371.39575
26.500000	371.11705
26.510000	371.07255
26.520000	371.16569
26.530000	371.10941
26.540000	371.00688
26.550000	371.13274
26.560000	371.00392
26.570000	371.09304
26.580000	371.16645
26.590000	370.82760
26.600000	370.83735
26.610000	370.58866
26.620000	370.49266
26.630000	370.51735
26.640000	370.46422
26.650000	370.48409
26.660000	370.11674
26.670000	369.87657
26.680000	369.82692
26.690000	370.10053
26.700000	370.22585
26.710000	369.95115
26.720000	369.84100
26.730000	369.87957
26.740000	369.75857
26.750000	369.85411
26.760000	369.87059
26.770000	369.77507
26.780000	369.50678
26.790000	369.25584
26.800000	369.12524
26.810000	369.24749
26.820000	369.09884
26.830000	369.38335
26.840000	369.25448
26.850000	369.37623
26.860000	369.26495
26.870000	369.28877
26.880000	369.08259
26.890000	369.07152
26.900000	369.10082
26.910000	368.51546
26.920000	368.67697
26.930000	368.89446
26.940000	368.90357
26.950000	368.78852
26.960000	368.62043
26.970000	368.64038
26.980000	368.63380
26.990000	368.45656
27.000000	368.38958
27.010000	368.16031
27.020000	368.20656
27.030000	368.27690
27.040000	368.36293
27.050000	368.26308
27.060000	368.07015
27.070000	368.07373
27.080000	368.29706
27.090000	368.00803
27.100000	368.10015
27.110000	367.86452
27.120000	367.79810
27.130000	368.24836
27.140000	367.98369
27.150000	368.03065
27.160000	367.95515
27.170000	367.71425
27.180000	367.90338
27.190000	367.64710
27.200000	367.70464
27.210000	367.69607
27.220000	367.48595
27.230000	367.89367
27.240000	367.46345
27.250000	367.41139
27.260000	367.62939
27.270000	367.23633
27.280000	367.22558
27.290000	366.99506
27.300000	367.16281
27.310000	367.36682
27.320000	367.17586
27.330000	367.43495
27.340000	366.95081
27.350000	366.92086
27.360000	366.94229
27.370000	366.74141
27.380000	367.01385
27.390000	366.89607
27.400000	367.06445
27.410000	366.83754
27.420000	366.75890
27.430000	366.79577
27.440000	366.55064
27.450000	366.73018
27.460000	366.85838
27.470000	366.86475
27.480000	366.67258
27.490000	366.37327
27.500000	366.29298
27.510000	366.41511
27.520000	366.72015
27.530000	366.68122
27.540000	366.17134
27.550000	365.99504
27.560000	365.89181
27.570000	365.94881
27.580000	366.11340
27.590000	366.11684
27.600000	366.43660
27.610000	366.24310
27.620000	365.94347
27.630000	365.71412
27.640000	366.05009
27.650000	365.98961
27.660000	366.03483
27.670000	365.89631
27.680000	365.84379
27.690000	365.74407
27.700000	365.28194
27.710000	364.98867
27.720000	365.29934
27.730000	365.39456
27.740000	365.21125
27.750000	365.40091
27.760000	365.64273
27.770000	365.40260
27.780000	365.20680
27.790000	365.50114
27.800000	365.15573
27.810000	364.97583
27.820000	365.23730
27.830000	365.18667
27.840000	365.54440
27.850000	365.38286
27.860000	365.28362
27.870000	365.45117
27.880000	365.37988
27.890000	365.19110
27.900000	364.99583
27.910000	365.14190
27.920000	365.26516
27.930000	365.09680
27.940000	364.86933
27.950000	364.92337
27.960000	364.97614
27.970000	364.91901
27.980000	364.82342
27.990000	364.75278
28.000000	364.72890
28.010000	364.74188
28.020000	364.76883
28.030000	364.89035
28.040000	364.82183
28.050000	364.83903
28.060000	364.87202
28.070000	364.83052
28.080000	364.91758
28.090000	364.54617
28.100000	364.58864
28.110000	364.69318
28.120000	364.59832
28.130000	364.74487
28.140000	364.51492
28.150000	364.63662
28.160000	364.92552
28.170000	364.70148
28.180000	364.21500
28.190000	364.29874
28.200000	364.15276
28.210000	363.96239
28.220000	364.32947
28.230000	364.49613
28.240000	364.49118
28.250000	364.21465
28.260000	364.28711
28.270000	364.17738
28.280000	363.87111
28.290000	364.13295
28.300000	364.02947
28.310000	364.29640
28.320000	364.39470
28.330000	364.64413
28.340000	364.24410
28.350000	364.35834
28.360000	364.22422
28.370000	364.08974
28.380000	364.31095
28.390000	364.02777
28.400000	364.10206
28.410000	363.97510
28.420000	363.53325
28.430000	363.58307
28.440000	363.89630
28.450000	363.82081
28.460000	363.59389
28.470000	363.95653
28.480000	364.27088
28.490000	363.88681
28.500000	363.66292
28.510000	363.75192
28.520000	364.01918
28.530000	364.03179
28.540000	363.93414
28.550000	363.61283
28.560000	363.64340
28.570000	363.53874
28.580000	363.51123
28.590000	363.78103
28.600000	363.93668
28.610000	363.79156
28.620000	363.65338
28.630000	363.73735
28.640000	363.80940
28.650000	363.80178
28.660000	363.44590
28.670000	363.38611
28.680000	363.80778
28.690000	363.81205
28.700000	363.40959
28.710000	363.59320
28.720000	363.89217
28.730000	363.44939
28.740000	363.84136
28.750000	363.56781
28.760000	363.58469
28.770000	363.47307
28.780000	363.40506
28.790000	363.36470
28.800000	363.51131
28.810000	363.38955
28.820000	363.42757
28.830000	363.29339
28.840000	363.20541
28.850000	363.37910
28.860000	363.15063
28.870000	363.17544
28.880000	363.08617
28.890000	363.28926
28.900000	363.34879
28.910000	363.32996
28.920000	363.34593
28.930000	363.05558
28.940000	363.45554
28.950000	363.64527
28.960000	363.51893
28.970000	363.04868
28.980000	362.92088
28.990000	363.02216
29.000000	362.94403
29.010000	362.73017
29.020000	363.13590
29.030000	363.46652
29.040000	363.01976
29.050000	362.82947
29.060000	363.00543
29.070000	362.63534
29.080000	362.84148
29.090000	362.82211
29.100000	362.94051
29.110000	362.83513
29.120000	362.73792
29.130000	362.94765
29.140000	362.79727
29.150000	362.75672
29.160000	362.89499
29.170000	362.94295
29.180000	362.46272
29.190000	362.69805
29.200000	362.81899
29.210000	362.58542
29.220000	362.63331
29.230000	362.66346
29.240000	363.02067
29.250000	362.83148
29.260000	362.72205
29.270000	363.25152
29.280000	362.66639
29.290000	362.60515
29.300000	362.51444
29.310000	362.67829
29.320000	362.64069
29.330000	362.57630
29.340000	362.38822
29.350000	362.25162
29.360000	362.42230
29.370000	362.63346
29.380000	362.61137
29.390000	362.32469
29.400000	362.53890
29.410000	362.46326
29.420000	362.33066
29.430000	362.28023
29.440000	362.40158
29.450000	362.31382
29.460000	362.29545
29.470000	362.64478
29.480000	362.25920
29.490000	362.18985
29.500000	361.96776
29.510000	362.03248
29.520000	362.09339
29.530000	362.16804
29.540000	362.01320
29.550000	362.25893
29.560000	362.34371
29.570000	362.11869
29.580000	362.12334
29.590000	362.15813
29.600000	362.05875
29.610000	361.90739
29.620000	362.29905
29.630000	362.10164
29.640000	362.22973
29.650000	362.17794
29.660000	361.91704
29.670000	361.67967
29.680000	361.78704
29.690000	361.95246
29.700000	361.68246
29.710000	361.67887
29.720000	361.77222
29.730000	361.71345
29.740000	361.83026
29.750000	361.67621
29.760000	362.00997
29.770000	361.58663
29.780000	361.31611
29.790000	361.88170
29.800000	362.20662
29.810000	362.02510
29.820000	361.67937
29.830000	361.48362
29.840000	361.01117
29.850000	361.47273
29.860000	361.50298
29.870000	361.47853
29.880000	361.49246
29.890000	361.50939
29.900000	361.36849
29.910000	361.22803
29.920000	361.23567
29.930000	361.28036
29.940000	361.10629
29.950000	360.96899
29.960000	360.94839
29.970000	361.21785
29.980000	361.42988
29.990000	361.27876
30.000000	361.22089
30.010000	360.92673
30.020000	360.69557
30.030000	360.89690
30.040000	360.74255
30.050000	360.51787
30.060000	361.12137
30.070000	361.02501
30.080000	360.80545
30.090000	360.46388
30.100000	360.68663
30.110000	360.48268
30.120000	360.63772
30.130000	361.13594
30.140000	360.99223
30.150000	360.76977
30.160000	360.59475
30.170000	360.29403
30.180000	360.63200
30.190000	360.29962
30.200000	360.69662
30.210000	360.41839
30.220000	360.01911
30.230000	360.29455
30.240000	360.33296
30.250000	360.33257
30.260000	360.59280
30.270000	360.53035
30.280000	360.45099
30.290000	360.32849
30.300000	360.19372
30.310000	360.01151
30.320000	359.78366
30.330000	360.11167
30.340000	359.89998
30.350000	359.65222
30.360000	359.76288
30.370000	360.03329
30.380000	360.23853
30.390000	360.25059
30.400000	359.99303
30.410000	360.21671
30.420000	359.78869
30.430000	359.65320
30.440000	359.58290
30.450000	359.64108
30.460000	359.25727
30.470000	359.41538
30.480000	359.57446
30.490000	359.19543
30.500000	359.32577
30.510000	359.27554
30.520000	359.28700
30.530000	359.25006
30.540000	359.34198
30.550000	359.19790
30.560000	359.21453
30.570000	359.27853
30.580000	359.24066
30.590000	359.16561
30.600000	359.12769
30.610000	358.94765
30.620000	358.57549
30.630000	359.14001
30.640000	359.04844
30.650000	358.70071
30.660000	358.92807
30.670000	358.91897
30.680000	358.70467
30.690000	358.77323
30.700000	358.46753
30.710000	358.49563
30.720000	358.52470
30.730000	358.39725
30.740000	358.47753
30.750000	358.51464
30.760000	358.08065
30.770000	358.10760
30.780000	358.23450
30.790000	358.65843
30.800000	358.48583
30.810000	358.24346
30.820000	358.53854
30.830000	358.04042
30.840000	358.21883
30.850000	358.18087
30.860000	357.77888
30.870000	358.14446
30.880000	357.92905
30.890000	357.91344
30.900000	357.87907
30.910000	357.78047
30.920000	357.75953
30.930000	357.63332
30.940000	357.75703
30.950000	357.94775
30.960000	357.82600
30.970000	357.88401
30.980000	357.83715
30.990000	357.74076
31.000000	357.62043
31.010000	357.53093
31.020000	357.49651
31.030000	357.10666
31.040000	357.05429
31.050000	356.81359
31.060000	357.19169
31.070000	357.28225
31.080000	357.31869
31.090000	357.13844
31.100000	357.10400
31.110000	357.04454
31.120000	356.82136
31.130000	356.94138
31.140000	356.95737
31.150000	357.05379
31.160000	356.82231
31.170000	356.52836
31.180000	356.76575
31.190000	357.09612
31.200000	356.79391
31.210000	356.47222
31.220000	356.59832
31.230000	356.63943
31.240000	356.73738
31.250000	356.19135
31.260000	356.09532
31.270000	356.43028
31.280000	356.32182
31.290000	356.12412
31.300000	355.84600
31.310000	356.04721
31.320000	356.00252
31.330000	356.06857
31.340000	356.34641
31.350000	356.18180
31.360000	355.85616
31.370000	355.60257
31.380000	355.44014
31.390000	355.51013
31.400000	355.47870
31.410000	355.66007
31.420000	355.57107
31.430000	355.76380
31.440000	355.55490
31.450000	355.83203
31.460000	355.54190
31.470000	355.50411
31.480000	355.61756
31.490000	355.48019
31.500000	355.48025
31.510000	355.24845
31.520000	355.17863
31.530000	355.34071
31.540000	355.47171
31.550000	355.21478
31.560000	355.17385
31.570000	355.00576
31.580000	354.89670
31.590000	354.94658
31.600000	355.10187
31.610000	354.82796
31.620000	354.87179
31.630000	355.17318
31.640000	354.75963
31.650000	354.63069
31.660000	354.69231
31.670000	354.16776
31.680000	354.75032
31.690000	355.02353
31.700000	354.47003
31.710000	354.43146
31.720000	354.22873
31.730000	354.84378
31.740000	354.54815
31.750000	354.53307
31.760000	354.72610
31.770000	354.45898
31.780000	354.14465
31.790000	354.48376
31.800000	354.59971
31.810000	354.29469
31.820000	354.08560
31.830000	354.20929
31.840000	354.31583
31.850000	354.45043
31.860000	353.77812
31.870000	354.06895
31.880000	354.12560
31.890000	354.16252
31.900000	353.84399
31.910000	353.67631
31.920000	353.61734
31.930000	353.95393
31.940000	353.72550
31.950000	353.37373
31.960000	353.69019
31.970000	353.62447
31.980000	353.62700
31.990000	353.69613
32.000000	353.64901
32.010000	353.36783
32.020000	353.32669
32.030000	353.40999
32.040000	353.44897
32.050000	353.62609
32.060000	353.38570
32.070000	353.67155
32.080000	353.52447
32.090000	353.09321
32.100000	353.00215
32.110000	353.22348
32.120000	353.46223
32.130000	353.60174
32.140000	353.08232
32.150000	353.03536
32.160000	353.09064
32.170000	353.36191
32.180000	353.48589
32.190000	353.08542
32.200000	352.81104
32.210000	352.79706
32.220000	353.05709
32.230000	353.19288
32.240000	353.26994
32.250000	352.79647
32.260000	352.78185
32.270000	352.61608
32.280000	352.83297
32.290000	352.96465
32.300000	353.14085
32.310000	352.58800
32.320000	352.41492
32.330000	352.47323
32.340000	352.61909
32.350000	352.69916
32.360000	352.59623
32.370000	352.83086
32.380000	352.22480
32.390000	352.25777
32.400000	352.45623
32.410000	352.68001
32.420000	352.52616
32.430000	352.16803
32.440000	352.38160
32.450000	352.09158
32.460000	352.37280
32.470000	352.28397
32.480000	352.45917
32.490000	352.37844
32.500000	352.46655
32.510000	352.22737
32.520000	352.15800
32.530000	351.86612
32.540000	351.89216
32.550000	351.94131
32.560000	351.41314
32.570000	351.56793
32.580000	351.93412
32.590000	351.72283
32.600000	351.70928
32.610000	351.46959
32.620000	351.31754
32.630000	351.82285
32.640000	351.41021
32.650000	351.34705
32.660000	351.40445
32.670000	351.01837
32.680000	351.10024
32.690000	350.81916
32.700000	351.21442
32.710000	351.19976
32.720000	351.10491
32.730000	351.50011
32.740000	351.30183
32.750000	350.54742
32.760000	350.43180
32.770000	351.25794
32.780000	351.38918
32.790000	350.79990
32.800000	350.69869
32.810000	350.58861
32.820000	350.30651
32.830000	350.34401
32.840000	350.70321
32.850000	351.23973
32.860000	350.77793
32.870000	350.49315
32.880000	350.50965
32.890000	350.49114
32.900000	350.72842
32.910000	351.04677
32.920000	350.83544
32.930000	350.83021
32.940000	350.73073
32.950000	350.49443
32.960000	350.42779
32.970000	350.29389
32.980000	350.51688
32.990000	350.83661
33.000000	350.66241
33.010000	350.38418
33.020000	349.90145
33.030000	350.06578
33.040000	350.38714
33.050000	350.31189
33.060000	350.07179
33.070000	350.02429
33.080000	349.87615
33.090000	349.93597
33.100000	350.26943
33.110000	350.03595
33.120000	350.13617
33.130000	350.28176
33.140000	350.10998
33.150000	349.95142
33.160000	349.53908
33.170000	349.75935
33.180000	350.04953
33.190000	350.19613
33.200000	349.83530
33.210000	349.61590
33.220000	349.76714
33.230000	349.75732
33.240000	349.58007
33.250000	349.62935
33.260000	349.85745
33.270000	349.70171
33.280000	349.35436
33.290000	349.30432
33.300000	349.42363
33.310000	349.47578
33.320000	349.37688
33.330000	349.91489
33.340000	349.67989
33.350000	349.73496
33.360000	349.71501
33.370000	349.88591
33.380000	349.84084
33.390000	349.79776
33.400000	349.51001
33.410000	349.16725
33.420000	348.85706
33.430000	349.33731
33.440000	349.34342
33.450000	349.17209
33.460000	348.95106
33.470000	348.86693
33.480000	349.06091
33.490000	349.00180
33.500000	348.92727
33.510000	349.02126
33.520000	349.17748
33.530000	349.08146
33.540000	349.08488
33.550000	348.86486
33.560000	349.02992
33.570000	349.26967
33.580000	348.81993
33.590000	349.35969
33.600000	349.23484
33.610000	349.09356
33.620000	348.60275
33.630000	348.58892
33.640000	348.96992
33.650000	349.09675
33.660000	348.92621
33.670000	348.82211
33.680000	348.83555
33.690000	349.08224
33.700000	349.06504
33.710000	348.92852
33.720000	349.02556
33.730000	349.13911
33.740000	348.89791
33.750000	348.81210
33.760000	348.65351
33.770000	348.71445
33.780000	348.70594
33.790000	348.92362
33.800000	348.63314
33.810000	348.63682
33.820000	348.32413
33.830000	348.83514
33.840000	348.77562
33.850000	348.52392
33.860000	348.27746
33.870000	348.20591
33.880000	348.46485
33.890000	348.69496
33.900000	348.54769
33.910000	348.16450
33.920000	348.17697
33.930000	348.30222
33.940000	347.88928
33.950000	348.04431
33.960000	348.36451
33.970000	348.14489
33.980000	348.36014
33.990000	348.14201
34.000000	348.19456
34.010000	348.62204
34.020000	348.48404
34.030000	348.34178
34.040000	348.02605
34.050000	348.00678
34.060000	348.41137
34.070000	348.01000
34.080000	347.73609
34.090000	348.11445
34.100000	348.56650
34.110000	348.22600
34.120000	348.11462
34.130000	348.14638
34.140000	348.04833
34.150000	348.05852
34.160000	348.28594
34.170000	347.94039
34.180000	347.80974
34.190000	348.20733
34.200000	348.19604
34.210000	348.11619
34.220000	348.07643
34.230000	347.98040
34.240000	347.98297
34.250000	347.83391
34.260000	347.69160
34.270000	347.66103
34.280000	347.55123
34.290000	347.40698
34.300000	348.07342
34.310000	347.89350
34.320000	348.02506
34.330000	347.78155
34.340000	347.64947
34.350000	347.52214
34.360000	347.32707
34.370000	347.13440
34.380000	347.20199
34.390000	347.09644
34.400000	347.78971
34.410000	347.72866
34.420000	347.21767
34.430000	347.16691
34.440000	347.58254
34.450000	347.57581
34.460000	347.84605
34.470000	347.82079
34.480000	347.63302
34.490000	347.58993
34.500000	347.33085
34.510000	347.86446
34.520000	347.42750
34.530000	347.02009
34.540000	347.30838
34.550000	347.29725
34.560000	347.43982
34.570000	346.95619
34.580000	347.19818
34.590000	347.28273
34.600000	347.63501
34.610000	346.97697
34.620000	347.54761
34.630000	347.09734
34.640000	346.88144
34.650000	347.28309
34.660000	347.34158
34.670000	347.24782
34.680000	346.92282
34.690000	347.02222
34.700000	346.72548
34.710000	347.39884
34.720000	347.42151
34.730000	347.03164
34.740000	347.04621
34.750000	347.21292
34.760000	347.56834
34.770000	348.41770
34.780000	347.32037
34.790000	346.71094
34.800000	347.40711
34.810000	347.49796
34.820000	346.98512
34.830000	346.67801
34.840000	346.22860
34.850000	346.55324
34.860000	346.94700
34.870000	346.74402
34.880000	346.72615
34.890000	347.13472
34.900000	347.00850
34.910000	347.23500
34.920000	346.82164
34.930000	346.67985
34.940000	346.49511
34.950000	346.77282
34.960000	346.35303
34.970000	346.89105
34.980000	346.97055
34.990000	347.37114
35.000000	346.60707
35.010000	346.48498
35.020000	346.71894
35.030000	346.52675
35.040000	346.35758
35.050000	346.75950
35.060000	346.75445
35.070000	346.93470
35.080000	347.22577
35.090000	346.81436
35.100000	346.99990
35.110000	347.20641
35.120000	346.86274
35.130000	346.32533
35.140000	346.59312
35.150000	346.29698
35.160000	346.90025
35.170000	346.36423
35.180000	346.38916
35.190000	346.42973
35.200000	346.61244
35.210000	346.20179
35.220000	346.49551
35.230000	346.52678
35.240000	346.36189
35.250000	346.06585
35.260000	346.03289
35.270000	346.70544
35.280000	346.45659
35.290000	345.84728
35.300000	345.92281
35.310000	346.06780
35.320000	346.23331
35.330000	346.39354
35.340000	346.54339
35.350000	346.16567
35.360000	346.34205
35.370000	346.29425
35.380000	345.99578
35.390000	346.12059
35.400000	346.07908
35.410000	345.53961
35.420000	345.62981
35.430000	345.13845
35.440000	345.29663
35.450000	346.09088
35.460000	345.74487
35.470000	345.36650
35.480000	345.54030
35.490000	345.45619
35.500000	345.70871
35.510000	345.17505
35.520000	345.78224
35.530000	345.17418
35.540000	345.25525
35.550000	344.92935
35.560000	345.20099
35.570000	345.23963
35.580000	345.43847
35.590000	345.03906
35.600000	344.22631
35.610000	344.37799
35.620000	344.42193
35.630000	344.36975
35.640000	344.38221
35.650000	344.14839
35.660000	344.62013
35.670000	344.69489
35.680000	344.82118
35.690000	344.14249
35.700000	343.92725
35.710000	343.89104
35.720000	344.30999
35.730000	344.42861
35.740000	344.23804
35.750000	343.80022
35.760000	344.07217
35.770000	344.54533
35.780000	344.29063
35.790000	343.99175
35.800000	344.27817
35.810000	344.16079
35.820000	343.93299
35.830000	343.81256
35.840000	343.80417
35.850000	343.90661
35.860000	343.71578
35.870000	343.15364
35.880000	343.41556
35.890000	343.63701
35.900000	342.71675
35.910000	342.91803
35.920000	343.17272
35.930000	342.86382
35.940000	342.89898
35.950000	342.57235
35.960000	342.66576
35.970000	342.45273
35.980000	342.43085
35.990000	342.78486
36.000000	342.64640
36.010000	342.95032
36.020000	342.20872
36.030000	342.43836
36.040000	342.30197
36.050000	342.31693
36.060000	342.83774
36.070000	342.50811
36.080000	342.23656
36.090000	342.47277
36.100000	342.44677
36.110000	342.17290
36.120000	341.87007
36.130000	341.49925
36.140000	341.78009
36.150000	342.26806
36.160000	342.14148
36.170000	341.30809
36.180000	340.68157
36.190000	340.81807
36.200000	341.41347
36.210000	340.78952
36.220000	341.12211
36.230000	341.47327
36.240000	340.75308
36.250000	340.48799
36.260000	340.14406
36.270000	340.72336
36.280000	341.01632
36.290000	340.80644
36.300000	340.95166
36.310000	340.45213
36.320000	340.72109
36.330000	340.57467
36.340000	340.84279
36.350000	340.55336
36.360000	340.63882
36.370000	340.31411
36.380000	339.81729
36.390000	340.34423
36.400000	340.04187
36.410000	339.96872
36.420000	339.88139
36.430000	339.39480
36.440000	339.67546
36.450000	340.39296
36.460000	339.23858
36.470000	339.23477
36.480000	339.25622
36.490000	339.63046
36.500000	339.88949
36.510000	339.57786
36.520000	339.37991
36.530000	339.58162
36.540000	339.39410
36.550000	339.18381
36.560000	339.81141
36.570000	338.33875
36.580000	339.05636
36.590000	339.13816
36.600000	338.69129
36.610000	338.72746
36.620000	339.16939
36.630000	338.69254
36.640000	338.68740
36.650000	338.12724
36.660000	338.62076
36.670000	337.89929
36.680000	337.93922
36.690000	337.72293
36.700000	337.53813
36.710000	337.13733
36.720000	337.72891
36.730000	337.31465
36.740000	337.87890
36.750000	337.84926
36.760000	336.95455
36.770000	336.76028
36.780000	336.99219
36.790000	336.66753
36.800000	337.66181
36.810000	337.31316
36.820000	336.74513
36.830000	336.63079
36.840000	337.02259
36.850000	336.73927
36.860000	336.64080
36.870000	336.12987
36.880000	335.86630
36.890000	336.08940
36.900000	336.75860
36.910000	336.89782
36.920000	336.04815
36.930000	335.20370
36.940000	334.98182
36.950000	335.43380
36.960000	335.50865
36.970000	335.34219
36.980000	335.89223
36.990000	336.48811
37.000000	335.96637
37.010000	335.24790
37.020000	334.59434
37.030000	334.80778
37.040000	335.33922
37.050000	334.21382
37.060000	334.85162
37.070000	335.17922
37.080000	334.66796
37.090000	334.54333
37.100000	333.87173
37.110000	333.45890
37.120000	333.71771
37.130000	334.24933
37.140000	334.03595
37.150000	333.66966
37.160000	333.27325
37.170000	333.88314
37.180000	333.59777
37.190000	333.25088
37.200000	333.77452
37.210000	333.66571
37.220000	333.59741
37.230000	332.93434
37.240000	332.77824
37.250000	333.43320
37.260000	332.34080
37.270000	332.89746
37.280000	333.02609
37.290000	332.77422
37.300000	332.38277
37.310000	332.99755
37.320000	332.10353
37.330000	333.12447
37.340000	332.31433
37.350000	331.91748
37.360000	331.49114
37.370000	331.16777
37.380000	331.12531
37.390000	330.99885
37.400000	332.83599
37.410000	331.68844
37.420000	331.20139
37.430000	331.13694
37.440000	330.91728
37.450000	331.10940
37.460000	330.43455
37.470000	331.95791
37.480000	331.97679
37.490000	331.57576
37.500000	331.46567
37.510000	331.04213
37.520000	331.08461
37.530000	330.22162
37.540000	330.19878
37.550000	330.90193
37.560000	328.93022
37.570000	330.32301
37.580000	329.77365
37.590000	331.11414
37.600000	330.50536
37.610000	330.20253
37.620000	330.63910
37.630000	329.37261
37.640000	329.83938
37.650000	329.83619
37.660000	329.04130
37.670000	329.17860
37.680000	328.97535
37.690000	329.29536
37.700000	329.03253
37.710000	327.43204
37.720000	328.07957
37.730000	328.57904
37.740000	328.26872
37.750000	327.55816
37.760000	328.03639
37.770000	329.05648
37.780000	327.74080
37.790000	326.99442
37.800000	328.69181
37.810000	328.12451
37.820000	326.49864
37.830000	327.26322
37.840000	327.93001
37.850000	327.98574
37.860000	327.59736
37.870000	327.64790
37.880000	326.23595
37.890000	326.92827
37.900000	327.54428
37.910000	325.92777
37.920000	325.01526
37.930000	325.44375
37.940000	326.59986
37.950000	325.92569
37.960000	325.28807
37.970000	325.35839
37.980000	325.84713
37.990000	325.84752
38.000000	325.41899
38.010000	324.83001
38.020000	324.01782
38.030000	325.46119
38.040000	325.49055
38.050000	324.33361
38.060000	325.00734
38.070000	324.64064
38.080000	324.58515
38.090000	324.16335
38.100000	324.05235
38.110000	323.51421
38.120000	323.36058
38.130000	323.23817
38.140000	322.60926
38.150000	323.14511
38.160000	322.95658
38.170000	323.36404
38.180000	322.34905
38.190000	322.43892
38.200000	322.77481
38.210000	323.68182
38.220000	322.58016
38.230000	323.57723
38.240000	322.60239
38.250000	322.64154
38.260000	321.68321
38.270000	321.65454
38.280000	321.52207
38.290000	321.71550
38.300000	321.01434
38.310000	322.65846
38.320000	321.05121
38.330000	320.12152
38.340000	320.63008
38.350000	320.04414
38.360000	319.73684
38.370000	321.02819
38.380000	320.60337
38.390000	321.26736
38.400000	320.81766
