0.0000000	1683.9591
0.020000000	1683.9591
0.040000000	1658.5311
0.060000000	1600.1640
0.080000000	1587.0226
0.10000000	1585.4986
0.12000000	1574.4546
0.14000000	1565.6712
0.16000000	1565.8534
0.18000000	1576.9483
0.20000000	1581.1211
0.22000000	1577.0174
0.24000000	1563.8530
0.26000000	1568.6506
0.28000000	1578.1777
0.30000000	1576.9771
0.32000000	1567.5361
0.34000000	1565.5848
0.36000000	1574.1107
0.38000000	1577.4579
0.40000000	1586.2678
0.42000000	1602.7292
0.44000000	1632.0357
0.46000000	1664.0404
0.48000000	1741.9612
0.50000000	1908.7193
0.52000000	2103.2394
0.54000000	2529.1815
0.56000000	2866.6411
0.58000000	3313.9340
0.60000000	3711.7943
0.62000000	4117.4853
0.64000000	4504.2868
0.66000000	4942.5951
0.68000000	5423.0109
0.70000000	5952.3468
0.72000000	6583.8581
0.74000000	7049.5545
0.76000000	7531.1701
0.78000000	7843.3077
0.80000000	8144.6931
0.82000000	8377.7348
0.84000000	8575.6390
0.86000000	8775.2071
0.88000000	8984.7190
0.90000000	9164.6837
0.92000000	9331.5952
0.94000000	9509.7754
0.96000000	9650.4342
0.98000000	9804.4005
1.0000000	9932.7310
1.0200000	10063.120
1.0400000	10175.264
1.0600000	10308.057
1.0800000	10410.899
1.1000000	10528.115
1.1200000	10628.475
1.1400000	10717.336
1.1600000	10806.254
1.1800000	10877.689
1.2000000	10954.358
1.2200000	11024.181
1.2400000	11101.548
1.2600000	11172.063
1.2800000	11268.017
1.3000000	11330.162
1.3200000	11392.180
1.3400000	11464.113
1.3600000	11535.640
1.3800000	11612.836
1.4000000	11674.659
1.4200000	11735.823
1.4400000	11814.811
1.4600000	11923.110
1.4800000	12004.123
1.5000000	12108.634
1.5200000	12204.982
1.5400000	12315.203
1.5600000	12427.650
1.5800000	12553.054
1.6000000	12677.515
1.6200000	12817.247
1.6400000	12969.149
1.6600000	13121.785
1.6800000	13305.828
1.7000000	13470.092
1.7200000	13667.844
1.7400000	13872.288
1.7600000	14101.743
1.7800000	14335.823
1.8000000	14596.963
1.8200000	14839.431
1.8400000	15092.675
1.8600000	15401.976
1.8800000	15678.169
1.9000000	16004.604
1.9200000	16310.651
1.9400000	16636.371
1.9600000	16958.540
1.9800000	17303.542
2.0000000	17615.361
2.0200000	17959.454
2.0400000	18276.653
2.0600000	18577.645
2.0800000	18886.987
2.1000000	19143.338
2.1200000	19396.750
2.1400000	19618.306
2.1600000	19809.881
2.1800000	19952.723
2.2000000	20079.601
2.2200000	20155.717
2.2400000	20203.622
2.2600000	20208.312
2.2800000	20173.229
2.3000000	20093.093
2.3200000	19969.340
2.3400000	19810.660
2.3600000	19626.690
2.3800000	19395.170
2.4000000	19168.835
2.4200000	18892.342
2.4400000	18609.171
2.4600000	18307.201
2.4800000	17984.411
2.5000000	17663.830
2.5200000	17337.949
2.5400000	17004.155
2.5600000	16659.356
2.5800000	16333.297
2.6000000	15970.918
2.6200000	15659.954
2.6400000	15324.132
2.6600000	15007.839
2.6800000	14695.785
2.7000000	14399.492
2.7200000	14088.391
2.7400000	13810.923
2.7600000	13534.644
2.7800000	13254.948
2.8000000	13009.479
2.8200000	12755.853
2.8400000	12526.719
2.8600000	12292.667
2.8800000	12078.513
2.9000000	11865.211
2.9200000	11676.314
2.9400000	11478.180
2.9600000	11297.064
2.9800000	11119.998
3.0000000	10941.044
3.0200000	10779.987
3.0400000	10614.329
3.0600000	10463.158
3.0800000	10311.228
3.1000000	10173.674
3.1200000	10031.767
3.1400000	9908.7103
3.1600000	9773.7805
3.1800000	9654.4216
3.2000000	9541.1362
3.2200000	9434.0783
3.2400000	9323.8700
3.2600000	9223.1730
3.2800000	9121.2312
3.3000000	9021.3316
3.3200000	8932.7423
3.3400000	8840.4596
3.3600000	8762.6856
3.3800000	8680.8221
3.4000000	8604.4106
3.4200000	8522.7292
3.4400000	8442.6414
3.4600000	8360.4969
3.4800000	8288.7796
3.5000000	8221.3271
3.5200000	8151.5276
3.5400000	8085.4068
3.5600000	8016.6890
3.5800000	7947.7821
3.6000000	7882.9813
3.6200000	7821.2081
3.6400000	7756.3459
3.6600000	7696.8566
3.6800000	7632.1300
3.7000000	7567.5096
3.7200000	7507.3462
3.7400000	7447.8738
3.7600000	7386.7963
3.7800000	7327.8656
3.8000000	7266.4974
3.8200000	7200.8831
3.8400000	7140.7606
3.8600000	7078.6185
3.8800000	7024.7744
3.9000000	6977.6480
3.9200000	6928.6404
3.9400000	6881.7247
3.9600000	6836.0132
3.9800000	6789.7749
4.0000000	6744.6419
4.0200000	6708.1094
4.0400000	6675.0204
4.0600000	6651.5528
4.0800000	6627.2642
4.1000000	6610.4989
4.1200000	6596.7957
4.1400000	6589.6634
4.1600000	6582.6372
4.1800000	6580.4052
4.2000000	6582.8056
4.2200000	6585.7166
4.2400000	6591.5399
4.2600000	6601.5618
4.2800000	6615.1831
4.3000000	6625.3029
4.3200000	6636.3195
4.3400000	6645.9491
4.3600000	6654.9816
4.3800000	6663.1308
4.4000000	6673.0726
4.4200000	6683.2499
4.4400000	6690.0736
4.4600000	6692.7236
4.4800000	6692.5126
4.5000000	6693.2715
4.5200000	6690.0587
4.5400000	6684.9043
4.5600000	6674.7666
4.5800000	6665.6074
4.6000000	6653.9770
4.6200000	6637.3386
4.6400000	6622.3652
4.6600000	6606.6535
4.6800000	6591.1567
4.7000000	6576.0130
4.7200000	6560.4668
4.7400000	6538.1555
4.7600000	6517.4488
4.7800000	6498.1972
4.8000000	6479.9613
4.8200000	6458.1228
4.8400000	6436.0907
4.8600000	6416.5489
4.8800000	6398.1577
4.9000000	6378.6806
4.9200000	6354.3294
4.9400000	6334.0902
4.9600000	6315.0106
4.9800000	6299.7839
5.0000000	6280.8727
5.0200000	6258.8148
5.0400000	6239.6040
5.0600000	6224.1386
5.0800000	6209.1001
5.1000000	6196.5975
5.1200000	6181.0535
5.1400000	6164.5847
5.1600000	6148.4146
5.1800000	6136.8106
5.2000000	6124.4419
5.2200000	6112.1272
5.2400000	6097.9535
5.2600000	6086.1405
5.2800000	6076.9823
5.3000000	6067.8266
5.3200000	6061.1902
5.3400000	6053.5974
5.3600000	6048.1009
5.3800000	6039.9057
5.4000000	6034.7404
5.4200000	6030.7392
5.4400000	6030.8883
5.4600000	6028.8993
5.4800000	6026.3229
5.5000000	6024.9422
5.5200000	6026.1330
5.5400000	6024.9580
5.5600000	6024.1403
5.5800000	6024.8506
5.6000000	6026.4521
5.6200000	6030.7171
5.6400000	6035.4986
5.6600000	6039.9829
5.6800000	6044.1728
5.7000000	6048.9499
5.7200000	6055.9433
5.7400000	6061.6871
5.7600000	6068.0074
5.7800000	6076.1530
5.8000000	6087.6963
5.8200000	6099.1544
5.8400000	6109.1096
5.8600000	6119.4242
5.8800000	6130.8580
5.9000000	6143.4373
5.9200000	6153.7251
5.9400000	6164.8689
5.9600000	6178.2959
5.9800000	6192.7123
6.0000000	6207.6616
6.0200000	6221.4153
6.0400000	6236.9225
6.0600000	6253.5348
6.0800000	6269.6566
6.1000000	6284.6152
6.1200000	6299.7808
6.1400000	6312.4435
6.1600000	6323.0144
6.1800000	6335.1017
6.2000000	6348.7510
6.2200000	6364.1443
6.2400000	6377.8912
6.2600000	6391.5323
6.2800000	6400.8203
6.3000000	6410.1543
6.3200000	6416.9305
6.3400000	6422.6256
6.3600000	6429.3866
6.3800000	6436.8917
6.4000000	6445.4902
6.4200000	6451.6143
6.4400000	6455.8278
6.4600000	6457.8907
6.4800000	6459.5866
6.5000000	6458.2804
6.5200000	6457.2450
6.5400000	6459.2029
6.5600000	6461.2760
6.5800000	6461.3544
6.6000000	6456.9045
6.6200000	6453.3056
6.6400000	6449.1527
6.6600000	6445.4004
6.6800000	6440.3248
6.7000000	6434.3917
6.7200000	6427.0909
6.7400000	6419.8375
6.7600000	6412.2413
6.7800000	6405.3029
6.8000000	6397.2841
6.8200000	6391.7499
6.8400000	6383.8686
6.8600000	6376.9295
6.8800000	6369.8942
6.9000000	6363.5630
6.9200000	6357.6633
6.9400000	6351.0028
6.9600000	6343.8280
6.9800000	6336.8258
7.0000000	6330.8343
7.0200000	6323.5912
7.0400000	6321.5780
7.0600000	6321.3105
7.0800000	6319.1232
7.1000000	6311.9432
7.1200000	6304.5330
7.1400000	6302.5370
7.1600000	6300.3546
7.1800000	6297.7718
7.2000000	6294.1855
7.2200000	6293.9710
7.2400000	6294.1645
7.2600000	6294.4168
7.2800000	6292.7201
7.3000000	6291.2704
7.3200000	6289.4201
7.3400000	6290.5309
7.3600000	6291.2839
7.3800000	6290.8955
7.4000000	6288.4906
7.4200000	6286.2118
7.4400000	6283.1184
7.4600000	6280.5818
7.4800000	6276.6100
7.5000000	6269.5703
7.5200000	6263.9267
7.5400000	6257.4182
7.5600000	6249.9903
7.5800000	6239.9194
7.6000000	6227.4366
7.6200000	6212.8430
7.6400000	6198.2115
7.6600000	6179.8827
7.6800000	6158.9891
7.7000000	6133.2315
7.7200000	6106.0390
7.7400000	6075.8170
7.7600000	6044.4271
7.7800000	6010.5723
7.8000000	5977.8711
7.8200000	5943.2201
7.8400000	5903.9056
7.8600000	5861.0927
7.8800000	5819.4595
7.9000000	5776.3084
7.9200000	5732.1009
7.9400000	5685.9478
7.9600000	5638.2832
7.9800000	5588.5529
8.0000000	5540.7574
8.0200000	5489.5727
8.0400000	5437.4301
8.0600000	5386.0640
8.0800000	5334.3651
8.1000000	5287.7755
8.1200000	5241.4364
8.1400000	5194.1998
8.1600000	5146.2699
8.1800000	5100.4752
8.2000000	5055.8360
8.2200000	5012.0088
8.2400000	4971.4865
8.2600000	4933.3272
8.2800000	4896.2276
8.3000000	4860.2435
8.3200000	4825.8442
8.3400000	4793.7974
8.3600000	4760.9812
8.3800000	4726.5784
8.4000000	4697.6718
8.4200000	4670.7202
8.4400000	4645.1218
8.4600000	4622.1077
8.4800000	4601.4866
8.5000000	4578.1509
8.5200000	4556.4609
8.5400000	4535.9169
8.5600000	4519.0686
8.5800000	4501.7051
8.6000000	4483.9918
8.6200000	4465.9635
8.6400000	4450.3819
8.6600000	4438.6387
8.6800000	4426.4353
8.7000000	4415.6812
8.7200000	4405.1957
8.7400000	4395.4280
8.7600000	4385.0072
8.7800000	4375.2099
8.8000000	4367.6654
8.8200000	4361.4872
8.8400000	4354.0730
8.8600000	4345.8130
8.8800000	4339.4007
8.9000000	4334.2947
8.9200000	4328.6742
8.9400000	4323.1473
8.9600000	4318.6587
8.9800000	4315.0081
9.0000000	4311.1626
9.0200000	4305.6050
9.0400000	4298.7676
9.0600000	4292.3631
9.0800000	4289.8845
9.1000000	4287.7093
9.1200000	4284.2739
9.1400000	4277.6960
9.1600000	4273.1217
9.1800000	4270.1726
9.2000000	4269.3876
9.2200000	4267.6853
9.2400000	4264.3914
9.2600000	4260.9966
9.2800000	4255.0532
9.3000000	4251.2347
9.3200000	4249.4384
9.3400000	4245.6630
9.3600000	4241.8059
9.3800000	4235.6359
9.4000000	4229.1914
9.4200000	4224.4730
9.4400000	4221.3185
9.4600000	4217.1103
9.4800000	4212.0689
9.5000000	4208.3550
9.5200000	4201.4692
9.5400000	4194.1144
9.5600000	4189.7888
9.5800000	4187.6092
9.6000000	4184.3856
9.6200000	4177.3929
9.6400000	4169.7501
9.6600000	4162.3550
9.6800000	4154.3653
9.7000000	4145.3142
9.7200000	4138.7054
9.7400000	4132.0439
9.7600000	4126.3626
9.7800000	4119.9809
9.8000000	4113.2012
9.8200000	4103.2205
9.8400000	4093.7714
9.8600000	4085.4057
9.8800000	4077.2489
9.9000000	4068.5896
9.9200000	4059.7153
9.9400000	4050.1769
9.9600000	4041.7535
9.9800000	4033.2580
10.000000	4025.9604
10.020000	4017.2831
10.040000	4008.3077
10.060000	3997.4993
10.080000	3989.3580
10.100000	3980.2219
10.120000	3970.4538
10.140000	3959.7964
10.160000	3949.9603
10.180000	3941.2541
10.200000	3930.8754
10.220000	3923.7583
10.240000	3916.3238
10.260000	3908.1544
10.280000	3898.1983
10.300000	3889.6970
10.320000	3880.2721
10.340000	3874.0668
10.360000	3866.1737
10.380000	3856.6636
10.400000	3847.0759
10.420000	3839.1976
10.440000	3831.4780
10.460000	3823.3226
10.480000	3816.0724
10.500000	3809.7123
10.520000	3802.7800
10.540000	3795.9817
10.560000	3789.1452
10.580000	3782.4415
10.600000	3776.6664
10.620000	3771.7456
10.640000	3767.1325
10.660000	3760.9557
10.680000	3755.6025
10.700000	3750.2704
10.720000	3746.1023
10.740000	3740.8182
10.760000	3737.6208
10.780000	3733.7703
10.800000	3731.0333
10.820000	3727.6297
10.840000	3726.0029
10.860000	3724.5484
10.880000	3722.2686
10.900000	3720.1334
10.920000	3718.7648
10.940000	3717.7460
10.960000	3717.7800
10.980000	3718.2992
11.000000	3717.8418
11.020000	3716.1227
11.040000	3717.9565
11.060000	3720.8461
11.080000	3721.6951
11.100000	3722.8304
11.120000	3725.1571
11.140000	3727.3154
11.160000	3729.3636
11.180000	3731.7465
11.200000	3735.3278
11.220000	3736.3100
11.240000	3737.6963
11.260000	3741.1324
11.280000	3746.1193
11.300000	3752.0044
11.320000	3755.8112
11.340000	3760.8263
11.360000	3765.9123
11.380000	3769.8359
11.400000	3772.5200
11.420000	3776.9012
11.440000	3782.0186
11.460000	3786.6761
11.480000	3789.3568
11.500000	3791.7763
11.520000	3794.2374
11.540000	3797.5667
11.560000	3802.4026
11.580000	3806.2247
11.600000	3810.1332
11.620000	3814.5444
11.640000	3818.3159
11.660000	3820.4319
11.680000	3824.9666
11.700000	3826.9585
11.720000	3826.7796
11.740000	3827.2318
11.760000	3829.4118
11.780000	3832.6205
11.800000	3833.1254
11.820000	3834.1318
11.840000	3835.0210
11.860000	3836.4542
11.880000	3836.7206
11.900000	3837.1295
11.920000	3838.1145
11.940000	3837.9730
11.960000	3836.8874
11.980000	3834.0771
12.000000	3833.1063
12.020000	3832.1826
12.040000	3831.4065
12.060000	3829.9569
12.080000	3827.8271
12.100000	3826.0195
12.120000	3823.1634
12.140000	3819.2027
12.160000	3815.2524
12.180000	3813.0010
12.200000	3812.0584
12.220000	3811.3183
12.240000	3808.0294
12.260000	3803.2512
12.280000	3800.4667
12.300000	3797.5060
12.320000	3794.1819
12.340000	3789.9887
12.360000	3786.4237
12.380000	3782.7654
12.400000	3779.0073
12.420000	3774.3579
12.440000	3768.1782
12.460000	3763.7812
12.480000	3760.1720
12.500000	3757.1546
12.520000	3752.0331
12.540000	3747.8228
12.560000	3742.6036
12.580000	3739.0841
12.600000	3735.0662
12.620000	3729.7685
12.640000	3723.4661
12.660000	3717.9725
12.680000	3713.8128
12.700000	3708.5957
12.720000	3703.7555
12.740000	3699.0224
12.760000	3695.0403
12.780000	3692.2767
12.800000	3686.0910
12.820000	3679.3363
12.840000	3673.4320
12.860000	3667.3453
12.880000	3661.8818
12.900000	3657.2037
12.920000	3653.8214
12.940000	3650.0277
12.960000	3643.9579
12.980000	3637.9894
13.000000	3633.8743
13.020000	3629.4474
13.040000	3623.1392
13.060000	3616.9380
13.080000	3610.4428
13.100000	3603.4392
13.120000	3598.0613
13.140000	3592.4133
13.160000	3587.8586
13.180000	3581.7739
13.200000	3576.3065
13.220000	3572.9238
13.240000	3569.3625
13.260000	3564.1338
13.280000	3558.5733
13.300000	3552.8963
13.320000	3547.1336
13.340000	3540.0864
13.360000	3534.1273
13.380000	3528.7909
13.400000	3522.1136
13.420000	3516.0550
13.440000	3509.9702
13.460000	3503.5715
13.480000	3498.0205
13.500000	3492.7047
13.520000	3488.2198
13.540000	3481.4844
13.560000	3476.5289
13.580000	3472.0610
13.600000	3466.5558
13.620000	3459.5892
13.640000	3453.1341
13.660000	3445.8184
13.680000	3440.7012
13.700000	3435.4590
13.720000	3429.6689
13.740000	3423.8305
13.760000	3419.6392
13.780000	3414.4567
13.800000	3407.7169
13.820000	3402.6575
13.840000	3397.7269
13.860000	3392.5822
13.880000	3388.5395
13.900000	3383.8944
13.920000	3376.8606
13.940000	3370.7664
13.960000	3365.7347
13.980000	3361.8498
14.000000	3356.6014
14.020000	3350.9763
14.040000	3346.1915
14.060000	3341.1266
14.080000	3334.0124
14.100000	3327.5583
14.120000	3323.0423
14.140000	3318.4815
14.160000	3312.9020
14.180000	3307.0753
14.200000	3303.6126
14.220000	3300.1891
14.240000	3295.8078
14.260000	3290.5562
14.280000	3285.9162
14.300000	3280.8903
14.320000	3277.5083
14.340000	3273.5875
14.360000	3268.6551
14.380000	3264.1550
14.400000	3259.4312
14.420000	3255.0196
14.440000	3251.8208
14.460000	3248.6033
14.480000	3244.6658
14.500000	3240.2908
14.520000	3236.0850
14.540000	3233.0581
14.560000	3228.8991
14.580000	3224.8556
14.600000	3220.5023
14.620000	3217.1532
14.640000	3213.4221
14.660000	3209.7989
14.680000	3206.1153
14.700000	3202.7363
14.720000	3199.8047
14.740000	3197.2209
14.760000	3193.9161
14.780000	3190.2484
14.800000	3186.8101
14.820000	3184.0947
14.840000	3181.0439
14.860000	3178.4702
14.880000	3176.3364
14.900000	3173.2723
14.920000	3168.4598
14.940000	3164.5657
14.960000	3161.8353
14.980000	3159.3614
15.000000	3157.2652
15.020000	3154.5146
15.040000	3151.3426
15.060000	3149.1978
15.080000	3147.2903
15.100000	3145.6716
15.120000	3143.0864
15.140000	3140.5410
15.160000	3137.0979
15.180000	3133.6260
15.200000	3130.5418
15.220000	3126.8680
15.240000	3124.3807
15.260000	3122.6357
15.280000	3120.7832
15.300000	3117.2465
15.320000	3115.1349
15.340000	3113.8199
15.360000	3111.4692
15.380000	3109.7760
15.400000	3108.5040
15.420000	3106.2547
15.440000	3104.2296
15.460000	3102.9359
15.480000	3100.6133
15.500000	3097.5732
15.520000	3094.3300
15.540000	3092.1260
15.560000	3089.7112
15.580000	3088.6840
15.600000	3086.2931
15.620000	3084.7305
15.640000	3082.4980
15.660000	3081.4092
15.680000	3080.0843
15.700000	3078.2273
15.720000	3075.2274
15.740000	3072.3170
15.760000	3069.1104
15.780000	3066.5901
15.800000	3065.2820
15.820000	3063.1133
15.840000	3060.2184
15.860000	3056.8928
15.880000	3055.1811
15.900000	3053.6358
15.920000	3052.8290
15.940000	3050.1203
15.960000	3047.9073
15.980000	3046.0578
16.000000	3045.1091
16.020000	3042.6239
16.040000	3038.9302
16.060000	3037.4267
16.080000	3035.6769
16.100000	3033.6347
16.120000	3030.6732
16.140000	3028.8394
16.160000	3026.5556
16.180000	3024.5010
16.200000	3022.8357
16.220000	3020.9268
16.240000	3018.4490
16.260000	3016.3967
16.280000	3014.2233
16.300000	3012.5318
16.320000	3009.9591
16.340000	3006.9179
16.360000	3004.0891
16.380000	3002.6953
16.400000	3000.9554
16.420000	2998.8687
16.440000	2996.2294
16.460000	2993.7010
16.480000	2992.6597
16.500000	2990.9393
16.520000	2989.9560
16.540000	2988.0457
16.560000	2985.8673
16.580000	2984.6981
16.600000	2983.7017
16.620000	2982.3051
16.640000	2979.6607
16.660000	2976.9687
16.680000	2975.4075
16.700000	2974.4949
16.720000	2973.4384
16.740000	2972.3294
16.760000	2971.1958
16.780000	2970.6386
16.800000	2969.3893
16.820000	2967.7107
16.840000	2966.5028
16.860000	2965.5380
16.880000	2963.0261
16.900000	2960.6585
16.920000	2959.5878
16.940000	2958.9943
16.960000	2957.6282
16.980000	2955.9945
17.000000	2954.9036
17.020000	2953.9909
17.040000	2952.3668
17.060000	2951.8784
17.080000	2951.1126
17.100000	2950.9838
17.120000	2950.5004
17.140000	2950.9647
17.160000	2949.9223
17.180000	2947.4923
17.200000	2946.4982
17.220000	2946.1681
17.240000	2946.4332
17.260000	2945.9287
17.280000	2947.2418
17.300000	2946.9787
17.320000	2946.1917
17.340000	2944.6227
17.360000	2943.3927
17.380000	2943.8105
17.400000	2944.9200
17.420000	2943.7724
17.440000	2943.0085
17.460000	2943.4266
17.480000	2943.8578
17.500000	2943.0859
17.520000	2943.9358
17.540000	2945.1968
17.560000	2945.0188
17.580000	2944.5265
17.600000	2945.7325
17.620000	2948.2931
17.640000	2949.4539
17.660000	2947.0569
17.680000	2947.1500
17.700000	2948.1424
17.720000	2948.4760
17.740000	2947.8384
17.760000	2946.8639
17.780000	2946.9750
17.800000	2947.9508
17.820000	2949.6073
17.840000	2949.6606
17.860000	2949.0146
17.880000	2949.2559
17.900000	2950.5548
17.920000	2951.1671
17.940000	2951.5239
17.960000	2950.4545
17.980000	2949.3595
18.000000	2948.3011
18.020000	2949.8698
18.040000	2950.9529
18.060000	2951.5408
18.080000	2951.1340
18.100000	2950.9233
18.120000	2949.9389
18.140000	2950.5099
18.160000	2951.0379
18.180000	2951.9030
18.200000	2950.4318
18.220000	2950.1342
18.240000	2949.4359
18.260000	2948.9652
18.280000	2950.0154
18.300000	2950.2162
18.320000	2949.0085
18.340000	2948.2949
18.360000	2948.4652
18.380000	2949.1600
18.400000	2947.7868
18.420000	2945.5055
18.440000	2944.0170
18.460000	2944.2718
18.480000	2944.2187
18.500000	2943.8648
18.520000	2941.9193
18.540000	2940.2149
18.560000	2938.5442
18.580000	2936.2072
18.600000	2934.5170
18.620000	2933.7315
18.640000	2932.8979
18.660000	2931.3259
18.680000	2930.1594
18.700000	2928.0615
18.720000	2926.3364
18.740000	2925.2043
18.760000	2923.4966
18.780000	2921.8193
18.800000	2919.9467
18.820000	2916.6509
18.840000	2913.0748
18.860000	2911.7244
18.880000	2911.1371
18.900000	2909.8789
18.920000	2907.3987
18.940000	2904.5601
18.960000	2901.6632
18.980000	2899.6465
19.000000	2897.1861
19.020000	2895.1536
19.040000	2893.6325
19.060000	2891.9099
19.080000	2888.8719
19.100000	2886.2431
19.120000	2884.2777
19.140000	2881.9851
19.160000	2879.0735
19.180000	2875.6465
19.200000	2873.5061
19.220000	2871.6506
19.240000	2870.0072
19.260000	2867.1368
19.280000	2863.4510
19.300000	2861.8782
19.320000	2860.7827
19.340000	2858.0002
19.360000	2854.0878
19.380000	2852.6684
19.400000	2852.4462
19.420000	2850.9534
19.440000	2847.8451
19.460000	2845.3331
19.480000	2841.9651
19.500000	2839.2444
19.520000	2836.6144
19.540000	2835.3414
19.560000	2832.8637
19.580000	2830.3505
19.600000	2827.9300
19.620000	2826.0225
19.640000	2822.9639
19.660000	2821.0752
19.680000	2818.6985
19.700000	2816.6752
19.720000	2813.9916
19.740000	2812.1718
19.760000	2810.4041
19.780000	2808.2248
19.800000	2805.1879
19.820000	2802.9255
19.840000	2801.0746
19.860000	2801.1042
19.880000	2800.8120
19.900000	2798.8328
19.920000	2796.2406
19.940000	2794.2480
19.960000	2791.1759
19.980000	2787.9475
20.000000	2787.2823
20.020000	2785.9896
20.040000	2784.1191
20.060000	2781.9260
20.080000	2780.6644
20.100000	2779.2418
20.120000	2777.5874
20.140000	2776.2496
20.160000	2774.8006
20.180000	2773.4292
20.200000	2770.9810
20.220000	2769.5221
20.240000	2769.4577
20.260000	2767.6253
20.280000	2764.6473
20.300000	2761.5239
20.320000	2760.6948
20.340000	2759.7623
20.360000	2757.5724
20.380000	2755.3089
20.400000	2754.5704
20.420000	2754.2821
20.440000	2753.2398
20.460000	2750.5184
20.480000	2749.9309
20.500000	2748.7694
20.520000	2747.1189
20.540000	2744.9093
20.560000	2743.8169
20.580000	2742.7778
20.600000	2741.4242
20.620000	2741.3302
20.640000	2739.9282
20.660000	2738.2959
20.680000	2736.6190
20.700000	2736.0169
20.720000	2735.5438
20.740000	2734.1870
20.760000	2733.0768
20.780000	2732.3506
20.800000	2731.4874
20.820000	2731.1380
20.840000	2730.2483
20.860000	2730.3473
20.880000	2728.4268
20.900000	2725.9051
20.920000	2723.7399
20.940000	2722.2963
20.960000	2720.9264
20.980000	2719.8053
21.000000	2719.3918
21.020000	2720.7985
21.040000	2720.6157
21.060000	2718.2675
21.080000	2717.8682
21.100000	2717.0204
21.120000	2715.6156
21.140000	2713.9753
21.160000	2714.1658
21.180000	2713.5102
21.200000	2714.1566
21.220000	2713.7260
21.240000	2711.6245
21.260000	2710.8981
21.280000	2710.6394
21.300000	2708.8555
21.320000	2707.9033
21.340000	2706.7353
21.360000	2706.0369
21.380000	2705.6233
21.400000	2705.2612
21.420000	2705.4434
21.440000	2703.4697
21.460000	2702.0108
21.480000	2701.3650
21.500000	2700.4388
21.520000	2699.7921
21.540000	2698.8655
21.560000	2697.1262
21.580000	2696.8982
21.600000	2695.2259
21.620000	2694.5617
21.640000	2694.2809
21.660000	2694.5269
21.680000	2694.6965
21.700000	2694.1934
21.720000	2692.2479
21.740000	2690.8508
21.760000	2690.8203
21.780000	2690.3524
21.800000	2689.6611
21.820000	2688.6963
21.840000	2687.7693
21.860000	2687.4750
21.880000	2687.3399
21.900000	2687.4085
21.920000	2687.2595
21.940000	2686.6390
21.960000	2686.9840
21.980000	2686.0308
22.000000	2684.5331
22.020000	2684.4518
22.040000	2684.5805
22.060000	2683.5655
22.080000	2681.4495
22.100000	2681.0212
22.120000	2680.1803
22.140000	2680.1841
22.160000	2679.8310
22.180000	2678.2921
22.200000	2676.0825
22.220000	2675.7266
22.240000	2675.8374
22.260000	2676.2406
22.280000	2676.1035
22.300000	2675.4810
22.320000	2673.9689
22.340000	2673.0589
22.360000	2673.9738
22.380000	2673.8844
22.400000	2672.0936
22.420000	2671.2011
22.440000	2671.1143
22.460000	2670.7321
22.480000	2669.2837
22.500000	2666.6746
22.520000	2666.6449
22.540000	2668.5389
22.560000	2667.9623
22.580000	2665.7752
22.600000	2665.7125
22.620000	2664.8553
22.640000	2663.4158
22.660000	2661.6207
22.680000	2661.5554
22.700000	2660.0139
22.720000	2658.9200
22.740000	2658.6664
22.760000	2657.3737
22.780000	2657.5130
22.800000	2657.2695
22.820000	2657.1749
22.840000	2655.6572
22.860000	2654.7132
22.880000	2654.9246
22.900000	2653.8492
22.920000	2653.5415
22.940000	2652.9662
22.960000	2651.7627
22.980000	2650.7010
23.000000	2649.9977
23.020000	2649.7200
23.040000	2649.8077
23.060000	2648.6245
23.080000	2646.7175
23.100000	2646.5273
23.120000	2646.5018
23.140000	2645.4795
23.160000	2644.9261
23.180000	2644.1112
23.200000	2643.7495
23.220000	2643.9575
23.240000	2643.9112
23.260000	2642.9783
23.280000	2643.2029
23.300000	2642.4243
23.320000	2641.0025
23.340000	2641.3757
23.360000	2642.4098
23.380000	2641.6347
23.400000	2640.3205
23.420000	2639.7776
23.440000	2638.4575
23.460000	2636.6147
23.480000	2635.4283
23.500000	2634.2048
23.520000	2632.9168
23.540000	2632.5224
23.560000	2633.1115
23.580000	2633.4097
23.600000	2632.1506
23.620000	2632.4182
23.640000	2632.5106
23.660000	2630.7604
23.680000	2630.8122
23.700000	2631.8944
23.720000	2633.3530
23.740000	2631.9925
23.760000	2628.8217
23.780000	2626.6915
23.800000	2627.1567
23.820000	2627.6283
23.840000	2628.3521
23.860000	2626.7387
23.880000	2625.6158
23.900000	2625.5533
23.920000	2625.7816
23.940000	2624.8753
23.960000	2624.2583
23.980000	2624.4468
24.000000	2624.9103
24.020000	2624.2502
24.040000	2623.5768
24.060000	2623.9638
24.080000	2623.8893
24.100000	2622.3194
24.120000	2622.7990
24.140000	2623.0328
24.160000	2620.2686
24.180000	2618.0049
24.200000	2618.6709
24.220000	2620.7199
24.240000	2620.7672
24.260000	2618.0160
24.280000	2616.8350
24.300000	2617.5658
24.320000	2616.6844
24.340000	2616.0147
24.360000	2615.8774
24.380000	2616.6695
24.400000	2616.0406
24.420000	2616.1583
24.440000	2614.8413
24.460000	2613.5624
24.480000	2612.4507
24.500000	2612.0989
24.520000	2612.4544
24.540000	2612.6300
24.560000	2612.4734
24.580000	2610.8769
24.600000	2609.6942
24.620000	2609.5567
24.640000	2609.6631
24.660000	2610.2402
24.680000	2610.4249
24.700000	2610.1493
24.720000	2608.8040
24.740000	2606.4614
24.760000	2606.0945
24.780000	2605.7213
24.800000	2606.0589
24.820000	2605.5145
24.840000	2605.3364
24.860000	2603.6820
24.880000	2600.9691
24.900000	2598.8228
24.920000	2598.3494
24.940000	2599.3110
24.960000	2600.2857
24.980000	2599.1155
25.000000	2598.1043
25.020000	2597.0625
25.040000	2596.4390
25.060000	2596.2768
25.080000	2594.5301
25.100000	2592.7800
25.120000	2593.1271
25.140000	2592.7265
25.160000	2592.3343
25.180000	2592.6945
25.200000	2590.5243
25.220000	2588.9924
25.240000	2588.3911
25.260000	2587.5675
25.280000	2586.0915
25.300000	2585.3606
25.320000	2585.5884
25.340000	2584.7123
25.360000	2582.3228
25.380000	2581.2247
25.400000	2581.7218
25.420000	2581.6631
25.440000	2579.6979
25.460000	2580.3255
25.480000	2580.1682
25.500000	2577.9167
25.520000	2576.0136
25.540000	2574.5891
25.560000	2572.6588
25.580000	2571.0314
25.600000	2571.2386
25.620000	2571.2216
25.640000	2570.2337
25.660000	2568.8102
25.680000	2567.1049
25.700000	2567.3389
25.720000	2567.0412
25.740000	2565.1399
25.760000	2561.8632
25.780000	2560.7913
25.800000	2561.5559
25.820000	2559.5633
25.840000	2558.7479
25.860000	2558.4829
25.880000	2557.2693
25.900000	2555.9148
25.920000	2555.7429
25.940000	2554.8775
25.960000	2553.0771
25.980000	2551.2316
26.000000	2550.6350
26.020000	2550.1720
26.040000	2549.9501
26.060000	2549.5682
26.080000	2547.2840
26.100000	2546.5236
26.120000	2546.5667
26.140000	2545.3526
26.160000	2543.2712
26.180000	2541.1402
26.200000	2538.9999
26.220000	2538.4074
26.240000	2537.6751
26.260000	2538.1047
26.280000	2537.1142
26.300000	2535.6562
26.320000	2534.3157
26.340000	2533.9196
26.360000	2533.0755
26.380000	2532.5881
26.400000	2531.6194
26.420000	2530.3190
26.440000	2529.5938
26.460000	2527.5893
26.480000	2524.6769
26.500000	2524.9597
26.520000	2526.3686
26.540000	2526.7335
26.560000	2527.0106
26.580000	2525.9671
26.600000	2523.6514
26.620000	2522.1903
26.640000	2521.2355
26.660000	2520.5507
26.680000	2520.4429
26.700000	2518.2907
26.720000	2516.6085
26.740000	2516.3250
26.760000	2515.8717
26.780000	2514.7281
26.800000	2514.3970
26.820000	2515.4562
26.840000	2515.5722
26.860000	2514.7284
26.880000	2513.3324
26.900000	2511.2362
26.920000	2511.0981
26.940000	2510.4122
26.960000	2509.8701
26.980000	2510.5614
27.000000	2509.6187
27.020000	2507.0086
27.040000	2506.1052
27.060000	2506.0078
27.080000	2506.0828
27.100000	2504.2000
27.120000	2502.6872
27.140000	2502.6300
27.160000	2503.3092
27.180000	2502.7967
27.200000	2501.8270
27.220000	2500.6704
27.240000	2500.6607
27.260000	2501.1304
27.280000	2500.7099
27.300000	2500.6944
27.320000	2501.0072
27.340000	2500.4294
27.360000	2498.5076
27.380000	2496.4604
27.400000	2496.0683
27.420000	2495.5083
27.440000	2493.5893
27.460000	2493.6731
27.480000	2495.5419
27.500000	2494.7731
27.520000	2492.9395
27.540000	2492.1944
27.560000	2492.7514
27.580000	2493.4131
27.600000	2492.9704
27.620000	2490.8066
27.640000	2490.0928
27.660000	2489.1998
27.680000	2488.6333
27.700000	2489.0628
27.720000	2489.7188
27.740000	2488.9090
27.760000	2489.3587
27.780000	2488.6591
27.800000	2487.4109
27.820000	2487.4706
27.840000	2488.0746
27.860000	2486.7984
27.880000	2485.6152
27.900000	2485.5764
27.920000	2484.1108
27.940000	2482.0821
27.960000	2482.8703
27.980000	2483.5465
28.000000	2483.5117
28.020000	2482.8334
28.040000	2481.9129
28.060000	2482.9272
28.080000	2482.8996
28.100000	2482.7973
28.120000	2483.2140
28.140000	2482.1771
28.160000	2480.0950
28.180000	2478.7210
28.200000	2478.6161
28.220000	2478.8480
28.240000	2478.3334
28.260000	2478.2300
28.280000	2477.1976
28.300000	2476.5462
28.320000	2477.4256
28.340000	2477.5015
28.360000	2476.3471
28.380000	2475.4407
28.400000	2475.5414
28.420000	2476.7259
28.440000	2475.8222
28.460000	2473.4212
28.480000	2473.4219
28.500000	2474.0178
28.520000	2473.3943
28.540000	2472.8908
28.560000	2471.3044
28.580000	2471.4590
28.600000	2472.5203
28.620000	2472.5551
28.640000	2471.3388
28.660000	2470.3612
28.680000	2469.1630
28.700000	2468.9011
28.720000	2467.9166
28.740000	2467.6294
28.760000	2468.8347
28.780000	2468.8603
28.800000	2466.9657
28.820000	2466.8111
28.840000	2467.3121
28.860000	2468.5573
28.880000	2467.9198
28.900000	2466.3932
28.920000	2466.1877
28.940000	2467.3269
28.960000	2466.9489
28.980000	2464.9636
29.000000	2464.8630
29.020000	2465.5270
29.040000	2463.3851
29.060000	2462.4562
29.080000	2463.6834
29.100000	2463.6308
29.120000	2463.1048
29.140000	2463.8774
29.160000	2463.5529
29.180000	2462.0316
29.200000	2461.5236
29.220000	2460.9603
29.240000	2461.1665
29.260000	2460.5458
29.280000	2459.8015
29.300000	2458.8521
29.320000	2457.6911
29.340000	2458.1659
29.360000	2459.8365
29.380000	2460.2683
29.400000	2459.8970
29.420000	2460.3546
29.440000	2460.0802
29.460000	2457.0329
29.480000	2455.9508
29.500000	2456.0211
29.520000	2454.8982
29.540000	2455.0357
29.560000	2456.3564
29.580000	2454.9565
29.600000	2453.1164
29.620000	2452.7754
29.640000	2453.0964
29.660000	2453.8616
29.680000	2454.1633
29.700000	2452.6917
29.720000	2452.2267
29.740000	2451.5253
29.760000	2450.7439
29.780000	2450.2187
29.800000	2449.2155
29.820000	2448.0170
29.840000	2446.8878
29.860000	2446.7660
29.880000	2447.7213
29.900000	2447.9260
29.920000	2447.9756
29.940000	2447.0414
29.960000	2445.8706
29.980000	2444.9767
30.000000	2444.2911
30.020000	2444.8103
30.040000	2445.4322
30.060000	2444.6646
30.080000	2442.7688
30.100000	2441.3522
30.120000	2441.3107
30.140000	2441.1573
30.160000	2441.1820
30.180000	2441.1232
30.200000	2439.9366
30.220000	2438.4356
30.240000	2437.2882
30.260000	2436.4956
30.280000	2437.2718
30.300000	2436.7157
30.320000	2435.0665
30.340000	2435.2600
30.360000	2436.5174
30.380000	2437.4554
30.400000	2436.9611
30.420000	2436.5471
30.440000	2435.9205
30.460000	2434.9129
30.480000	2435.1260
30.500000	2434.0610
30.520000	2431.8317
30.540000	2430.2127
30.560000	2429.0727
30.580000	2428.9885
30.600000	2428.5451
30.620000	2429.6640
30.640000	2429.5606
30.660000	2429.3202
30.680000	2429.1938
30.700000	2427.0622
30.720000	2425.0373
30.740000	2424.4571
30.760000	2424.2378
30.780000	2424.9785
30.800000	2425.9811
30.820000	2424.7031
30.840000	2422.7632
30.860000	2422.7673
30.880000	2422.9829
30.900000	2422.5505
30.920000	2421.4981
30.940000	2420.0716
30.960000	2420.1740
30.980000	2421.4777
31.000000	2421.1308
31.020000	2419.3998
31.040000	2418.0379
31.060000	2416.6842
31.080000	2414.7912
31.100000	2413.2448
31.120000	2413.3455
31.140000	2415.1185
31.160000	2416.1631
31.180000	2414.5818
31.200000	2413.5872
31.220000	2413.2264
31.240000	2412.0451
31.260000	2412.2771
31.280000	2412.4225
31.300000	2412.1971
31.320000	2411.9445
31.340000	2410.4578
31.360000	2408.3329
31.380000	2408.2323
31.400000	2408.1357
31.420000	2406.8089
31.440000	2407.0977
31.460000	2407.1964
31.480000	2405.6385
31.500000	2402.8637
31.520000	2402.8018
31.540000	2402.8685
31.560000	2401.4719
31.580000	2401.6333
31.600000	2401.0845
31.620000	2400.2717
31.640000	2400.8770
31.660000	2400.0703
31.680000	2399.9455
31.700000	2399.9078
31.720000	2397.9699
31.740000	2396.5948
31.760000	2396.6843
31.780000	2397.5213
31.800000	2396.6212
31.820000	2395.5849
31.840000	2395.9452
31.860000	2395.8150
31.880000	2395.4098
31.900000	2394.8969
31.920000	2392.3035
31.940000	2391.1078
31.960000	2391.6126
31.980000	2390.9237
32.000000	2390.3351
32.020000	2389.6622
32.040000	2388.9037
32.060000	2388.3561
32.080000	2388.9022
32.100000	2388.8678
32.120000	2387.7079
32.140000	2388.1330
32.160000	2387.1204
32.180000	2385.6351
32.200000	2384.9632
32.220000	2384.4388
32.240000	2385.3419
32.260000	2384.7887
32.280000	2382.2720
32.300000	2381.5105
32.320000	2381.2514
32.340000	2380.9936
32.360000	2379.7783
32.380000	2380.4451
32.400000	2380.5791
32.420000	2379.1741
32.440000	2378.2783
32.460000	2378.6116
32.480000	2378.4990
32.500000	2378.2179
32.520000	2378.8021
32.540000	2376.9975
32.560000	2376.3425
32.580000	2376.8465
32.600000	2374.7493
32.620000	2373.5034
32.640000	2373.0840
32.660000	2374.2266
32.680000	2373.8422
32.700000	2372.2642
32.720000	2371.4979
32.740000	2370.7059
32.760000	2370.0169
32.780000	2369.2933
32.800000	2368.9749
32.820000	2368.6054
32.840000	2368.0325
32.860000	2368.5681
32.880000	2368.6479
32.900000	2368.3454
32.920000	2369.0059
32.940000	2367.7521
32.960000	2367.2722
32.980000	2366.6120
33.000000	2365.9105
33.020000	2364.6022
33.040000	2362.5571
33.060000	2363.8607
33.080000	2364.7403
33.100000	2362.7946
33.120000	2360.6010
33.140000	2361.8353
33.160000	2362.3903
33.180000	2360.4152
33.200000	2360.4724
33.220000	2361.1680
33.240000	2359.6219
33.260000	2358.2035
33.280000	2357.1613
33.300000	2356.6859
33.320000	2356.7359
33.340000	2358.1457
33.360000	2357.6822
33.380000	2356.7359
33.400000	2356.6696
33.420000	2355.5726
33.440000	2354.1193
33.460000	2355.3613
33.480000	2356.4512
33.500000	2354.8580
33.520000	2353.9857
33.540000	2353.3904
33.560000	2352.4933
33.580000	2352.0152
33.600000	2351.2363
33.620000	2350.3622
33.640000	2350.3741
33.660000	2350.2399
33.680000	2349.3583
33.700000	2348.9520
33.720000	2349.2696
33.740000	2348.3184
33.760000	2347.9349
33.780000	2348.1889
33.800000	2346.7535
33.820000	2346.5859
33.840000	2348.4863
33.860000	2348.4878
33.880000	2346.6589
33.900000	2344.5792
33.920000	2344.5524
33.940000	2345.2058
33.960000	2344.7504
33.980000	2343.2444
34.000000	2343.1369
34.020000	2343.5436
34.040000	2343.7824
34.060000	2343.4549
34.080000	2344.0785
34.100000	2342.1451
34.120000	2340.0798
34.140000	2340.4085
34.160000	2338.9683
34.180000	2338.7918
34.200000	2341.1541
34.220000	2340.1371
34.240000	2337.6944
34.260000	2337.3023
34.280000	2336.7826
34.300000	2336.6543
34.320000	2337.8588
34.340000	2337.9903
34.360000	2337.4357
34.380000	2336.0348
34.400000	2336.1256
34.420000	2335.5234
34.440000	2334.4138
34.460000	2333.4903
34.480000	2333.6998
34.500000	2334.5132
34.520000	2333.6901
34.540000	2333.1994
34.560000	2332.4298
34.580000	2331.0267
34.600000	2331.8934
34.620000	2332.5097
34.640000	2332.1991
34.660000	2332.3794
34.680000	2331.9141
34.700000	2330.1842
34.720000	2327.9314
34.740000	2328.2151
34.760000	2328.0993
34.780000	2327.2624
34.800000	2328.0252
34.820000	2328.0968
34.840000	2327.7004
34.860000	2326.7010
34.880000	2326.6685
34.900000	2328.0182
34.920000	2327.8229
34.940000	2325.6691
34.960000	2324.5411
34.980000	2324.2425
35.000000	2324.4396
35.020000	2324.9399
35.040000	2326.3439
35.060000	2325.1668
35.080000	2323.5413
35.100000	2324.3032
35.120000	2323.0801
35.140000	2321.6494
35.160000	2322.0970
35.180000	2323.3204
35.200000	2322.4907
35.220000	2321.7433
35.240000	2321.5120
35.260000	2322.1700
35.280000	2322.5503
35.300000	2321.4239
35.320000	2320.1736
35.340000	2318.9420
35.360000	2318.7791
35.380000	2318.3814
35.400000	2318.8560
35.420000	2318.3439
35.440000	2317.4037
35.460000	2317.5573
35.480000	2317.9061
35.500000	2316.9124
35.520000	2316.3563
35.540000	2315.5681
35.560000	2314.2421
35.580000	2314.3440
35.600000	2314.9354
35.620000	2314.6140
35.640000	2315.6770
35.660000	2316.9058
35.680000	2315.2832
35.700000	2314.0379
35.720000	2314.0579
35.740000	2314.4044
35.760000	2314.4796
35.780000	2312.5151
35.800000	2310.5358
35.820000	2309.6497
35.840000	2309.7213
35.860000	2309.1307
35.880000	2310.2260
35.900000	2311.7112
35.920000	2310.7664
35.940000	2308.9487
35.960000	2308.0679
35.980000	2308.6426
36.000000	2309.6439
36.020000	2308.3716
36.040000	2307.2890
36.060000	2307.2478
36.080000	2307.0710
36.100000	2305.6413
36.120000	2305.6418
36.140000	2306.9406
36.160000	2305.1183
36.180000	2305.5375
36.200000	2305.5378
36.220000	2305.6466
36.240000	2305.7421
36.260000	2304.2664
36.280000	2303.3075
36.300000	2301.6287
36.320000	2302.9686
36.340000	2303.4324
36.360000	2301.5155
36.380000	2300.9959
36.400000	2301.4468
36.420000	2301.7169
36.440000	2300.6758
36.460000	2298.6818
36.480000	2299.1181
36.500000	2299.7190
36.520000	2297.7887
36.540000	2297.3818
36.560000	2299.4136
36.580000	2297.2288
36.600000	2295.9519
36.620000	2298.5997
36.640000	2297.7971
36.660000	2297.7450
36.680000	2297.2798
36.700000	2295.2083
36.720000	2294.1551
36.740000	2294.4570
36.760000	2295.3297
36.780000	2295.4091
36.800000	2294.1324
36.820000	2292.9576
36.840000	2292.0912
36.860000	2291.7984
36.880000	2292.0507
36.900000	2292.7447
36.920000	2291.9727
36.940000	2290.9192
36.960000	2289.6490
36.980000	2288.3559
37.000000	2288.5178
37.020000	2287.4837
37.040000	2286.9065
37.060000	2287.5113
37.080000	2290.5295
37.100000	2292.1760
37.120000	2289.1632
37.140000	2286.6626
37.160000	2286.6789
37.180000	2285.7824
37.200000	2285.7524
37.220000	2286.5911
37.240000	2285.4558
37.260000	2284.7649
37.280000	2284.4101
37.300000	2283.3762
37.320000	2281.9582
37.340000	2282.6599
37.360000	2282.8884
37.380000	2282.7717
37.400000	2282.7331
37.420000	2282.3653
37.440000	2280.2190
37.460000	2279.0591
37.480000	2279.2122
37.500000	2279.6374
37.520000	2279.8267
37.540000	2280.4672
37.560000	2279.8112
37.580000	2278.2732
37.600000	2276.9113
37.620000	2277.0304
37.640000	2278.0402
37.660000	2277.9100
37.680000	2276.0510
37.700000	2275.6302
37.720000	2276.6580
37.740000	2275.6016
37.760000	2274.0911
37.780000	2271.3326
37.800000	2270.5239
37.820000	2271.4435
37.840000	2271.1158
37.860000	2270.3704
37.880000	2271.9904
37.900000	2271.4318
37.920000	2269.9632
37.940000	2269.1524
37.960000	2269.1532
37.980000	2268.2908
38.000000	2268.0995
38.020000	2267.7415
38.040000	2267.0810
38.060000	2268.4727
38.080000	2267.7082
38.100000	2265.6733
38.120000	2265.2106
38.140000	2266.2858
38.160000	2265.7905
38.180000	2264.0879
38.200000	2264.8287
38.220000	2265.1241
38.240000	2263.5577
38.260000	2262.5252
38.280000	2261.4116
38.300000	2260.8528
38.320000	2262.0469
38.340000	2261.3847
38.360000	2259.3120
38.380000	2258.4407
38.400000	2258.3497
38.420000	2258.1768
38.440000	2257.7343
38.460000	2256.6640
38.480000	2256.6492
38.500000	2257.7899
38.520000	2257.5105
38.540000	2257.3490
38.560000	2256.4578
38.580000	2256.8752
38.600000	2255.0230
38.620000	2254.0070
38.640000	2253.8631
38.660000	2254.1168
38.680000	2252.1470
38.700000	2252.9147
38.720000	2254.7863
38.740000	2254.4308
38.760000	2252.8393
38.780000	2250.9308
38.800000	2250.4918
38.820000	2250.8771
38.840000	2250.9550
38.860000	2250.6378
38.880000	2248.0349
38.900000	2250.2803
38.920000	2250.9195
38.940000	2249.7581
38.960000	2250.4111
38.980000	2251.1176
39.000000	2251.2804
39.020000	2248.7924
39.040000	2248.8458
39.060000	2249.2767
39.080000	2247.5359
39.100000	2246.9438
39.120000	2245.8099
39.140000	2244.3957
39.160000	2244.2874
39.180000	2243.5894
39.200000	2243.0362
39.220000	2242.5495
39.240000	2242.7157
39.260000	2241.8560
39.280000	2244.2053
39.300000	2244.5263
39.320000	2240.8209
39.340000	2240.3653
39.360000	2242.7551
39.380000	2241.1593
39.400000	2239.9195
39.420000	2239.9719
39.440000	2238.4799
39.460000	2238.1242
39.480000	2238.9464
39.500000	2237.7249
39.520000	2236.2817
39.540000	2237.9005
39.560000	2237.6343
39.580000	2237.2377
39.600000	2237.5345
39.620000	2237.2714
39.640000	2236.4574
39.660000	2235.6288
39.680000	2235.9705
39.700000	2234.2897
39.720000	2235.2242
39.740000	2236.1998
39.760000	2233.7201
39.780000	2231.8712
39.800000	2231.4816
39.820000	2231.6456
39.840000	2231.5162
39.860000	2230.3011
39.880000	2231.4275
39.900000	2232.5773
39.920000	2230.9418
39.940000	2229.3897
39.960000	2229.3278
39.980000	2229.8539
40.000000	2230.6570
40.020000	2229.4869
40.040000	2228.9548
40.060000	2230.1762
40.080000	2229.4037
40.100000	2227.8569
40.120000	2228.1164
40.140000	2227.9819
40.160000	2227.9540
40.180000	2226.5629
40.200000	2226.7663
40.220000	2227.2894
40.240000	2227.1079
40.260000	2225.5329
40.280000	2223.9308
40.300000	2223.3043
40.320000	2224.7246
40.340000	2224.2466
40.360000	2223.4773
40.380000	2223.5681
40.400000	2223.9288
40.420000	2222.2633
40.440000	2221.4736
40.460000	2222.3378
40.480000	2222.5855
40.500000	2222.0407
40.520000	2221.8143
40.540000	2220.9352
40.560000	2220.3190
40.580000	2220.4268
40.600000	2220.3207
40.620000	2219.1517
40.640000	2219.1668
40.660000	2220.7069
40.680000	2220.2468
40.700000	2218.9456
40.720000	2217.9623
40.740000	2216.2556
40.760000	2215.6018
40.780000	2217.3717
40.800000	2218.1677
40.820000	2216.6608
40.840000	2216.7928
40.860000	2217.5711
40.880000	2217.5450
40.900000	2216.5641
40.920000	2214.9627
40.940000	2214.6452
40.960000	2213.3469
40.980000	2214.1246
41.000000	2214.7357
41.020000	2212.7246
41.040000	2213.2422
41.060000	2211.9329
41.080000	2211.5660
41.100000	2210.8885
41.120000	2210.8310
41.140000	2210.8705
41.160000	2210.9357
41.180000	2210.5002
41.200000	2210.7772
41.220000	2211.5004
41.240000	2212.0321
41.260000	2211.8856
41.280000	2209.1708
41.300000	2208.4056
41.320000	2209.1254
41.340000	2209.0627
41.360000	2208.8238
41.380000	2207.5194
41.400000	2206.9825
41.420000	2208.1152
41.440000	2207.2699
41.460000	2207.6016
41.480000	2206.6960
41.500000	2204.8296
41.520000	2206.7992
41.540000	2207.0476
41.560000	2206.9073
41.580000	2205.0921
41.600000	2204.6562
41.620000	2204.5146
41.640000	2202.7698
41.660000	2201.4452
41.680000	2203.2657
41.700000	2202.5820
41.720000	2200.4532
41.740000	2202.2451
41.760000	2201.5970
41.780000	2202.9357
41.800000	2203.3529
41.820000	2202.7614
41.840000	2201.3162
41.860000	2201.2967
41.880000	2198.9989
41.900000	2200.1700
41.920000	2199.2935
41.940000	2200.5673
41.960000	2201.5441
41.980000	2199.6512
42.000000	2199.3349
42.020000	2199.5905
42.040000	2197.1662
42.060000	2197.3137
42.080000	2197.6620
42.100000	2197.5304
42.120000	2197.4499
42.140000	2197.4194
42.160000	2195.9157
42.180000	2195.2146
42.200000	2194.7238
42.220000	2195.3654
42.240000	2195.7610
42.260000	2197.6714
42.280000	2194.0314
42.300000	2192.5728
42.320000	2193.8413
42.340000	2194.2290
42.360000	2194.9310
42.380000	2192.5186
42.400000	2191.7064
42.420000	2192.1369
42.440000	2192.4904
42.460000	2191.1991
42.480000	2189.3859
42.500000	2188.9099
42.520000	2189.2902
42.540000	2190.9936
42.560000	2189.3918
42.580000	2188.5649
42.600000	2189.0710
42.620000	2189.5273
42.640000	2188.5802
42.660000	2189.1569
42.680000	2189.8684
42.700000	2188.8067
42.720000	2185.0696
42.740000	2185.8373
42.760000	2185.7333
42.780000	2185.5437
42.800000	2186.6240
42.820000	2186.5424
42.840000	2186.1961
42.860000	2185.9221
42.880000	2185.3721
42.900000	2185.0571
42.920000	2184.3010
42.940000	2183.8762
42.960000	2183.8301
42.980000	2184.5601
43.000000	2184.7732
43.020000	2181.0367
43.040000	2181.4437
43.060000	2180.9347
43.080000	2181.9095
43.100000	2180.6351
43.120000	2179.5008
43.140000	2179.0843
43.160000	2181.4361
43.180000	2180.2243
43.200000	2180.3838
43.220000	2180.8091
43.240000	2180.4233
43.260000	2177.2719
43.280000	2177.7892
43.300000	2177.7891
43.320000	2178.6377
43.340000	2178.7470
43.360000	2179.0027
43.380000	2177.9183
43.400000	2175.3703
43.420000	2175.1700
43.440000	2173.7138
43.460000	2173.8749
43.480000	2174.8705
43.500000	2176.1783
43.520000	2174.4651
43.540000	2175.3256
43.560000	2174.6052
43.580000	2172.5186
43.600000	2172.4826
43.620000	2170.7561
43.640000	2172.1559
43.660000	2171.7378
43.680000	2171.8073
43.700000	2171.9249
43.720000	2171.7944
43.740000	2170.4857
43.760000	2170.7450
43.780000	2169.5128
43.800000	2167.2780
43.820000	2170.5716
43.840000	2170.7127
43.860000	2168.9809
43.880000	2167.8664
43.900000	2167.1209
43.920000	2167.9020
43.940000	2168.8621
43.960000	2166.6369
43.980000	2165.8991
44.000000	2166.3453
44.020000	2166.0016
44.040000	2165.7719
44.060000	2165.5124
44.080000	2165.1674
44.100000	2162.3030
44.120000	2161.9252
44.140000	2161.3578
44.160000	2163.0371
44.180000	2162.8506
44.200000	2161.7188
44.220000	2162.0044
44.240000	2159.8883
44.260000	2162.3886
44.280000	2161.8602
44.300000	2160.3969
44.320000	2161.4071
44.340000	2161.9329
44.360000	2160.0825
44.380000	2158.9903
44.400000	2158.8453
44.420000	2157.5306
44.440000	2157.7426
44.460000	2156.6007
44.480000	2156.8403
44.500000	2157.6201
44.520000	2156.9633
44.540000	2156.0473
44.560000	2154.2745
44.580000	2153.2107
44.600000	2152.8953
44.620000	2154.2590
44.640000	2152.0399
44.660000	2154.0830
44.680000	2153.9744
44.700000	2152.8480
44.720000	2152.8474
44.740000	2152.0300
44.760000	2151.5043
44.780000	2150.8144
44.800000	2149.0248
44.820000	2148.3020
44.840000	2149.6726
44.860000	2151.0469
44.880000	2150.6285
44.900000	2149.8316
44.920000	2149.2869
44.940000	2147.7387
44.960000	2147.4298
44.980000	2147.2507
45.000000	2148.7096
45.020000	2147.4173
45.040000	2144.7247
45.060000	2147.3639
45.080000	2146.0799
45.100000	2144.6746
45.120000	2143.5103
45.140000	2143.6191
45.160000	2146.1229
45.180000	2146.6946
45.200000	2145.3614
45.220000	2144.6196
45.240000	2142.9844
45.260000	2142.8663
45.280000	2143.8002
45.300000	2143.4241
45.320000	2141.9372
45.340000	2141.7680
45.360000	2143.6772
45.380000	2141.0559
45.400000	2141.2097
45.420000	2142.0531
45.440000	2140.5548
45.460000	2140.7346
45.480000	2141.0258
45.500000	2138.2727
45.520000	2139.1811
45.540000	2139.4921
45.560000	2139.6186
45.580000	2140.1550
45.600000	2139.6857
45.620000	2138.0319
45.640000	2138.8687
45.660000	2140.5075
45.680000	2140.0832
45.700000	2138.7072
45.720000	2140.3485
45.740000	2138.2570
45.760000	2137.4271
45.780000	2135.8267
45.800000	2136.5604
45.820000	2134.4202
45.840000	2133.7912
45.860000	2135.3770
45.880000	2133.9797
45.900000	2133.2012
45.920000	2132.3789
45.940000	2131.6551
45.960000	2131.0199
45.980000	2131.1315
46.000000	2131.3955
46.020000	2128.4666
46.040000	2130.2939
46.060000	2131.6919
46.080000	2130.4827
46.100000	2131.3288
46.120000	2129.8392
46.140000	2127.6056
46.160000	2130.0547
46.180000	2131.6104
46.200000	2130.1264
46.220000	2129.7246
46.240000	2127.4035
46.260000	2127.5779
46.280000	2128.7324
46.300000	2125.8300
46.320000	2126.0401
46.340000	2126.3144
46.360000	2127.4908
46.380000	2126.8693
46.400000	2127.1129
46.420000	2124.9131
46.440000	2125.4057
46.460000	2125.6595
46.480000	2125.0286
46.500000	2125.9356
46.520000	2127.1710
46.540000	2124.8803
46.560000	2123.3956
46.580000	2122.3024
46.600000	2121.3163
46.620000	2122.5310
46.640000	2123.2131
46.660000	2125.4188
46.680000	2122.6956
46.700000	2120.1495
46.720000	2122.4865
46.740000	2123.6554
46.760000	2122.2915
46.780000	2119.0051
46.800000	2117.1004
46.820000	2118.4655
46.840000	2121.0543
46.860000	2119.3910
46.880000	2118.8660
46.900000	2118.6174
46.920000	2119.3196
46.940000	2117.6666
46.960000	2117.3993
46.980000	2117.7654
47.000000	2115.8675
47.020000	2116.8461
47.040000	2116.1071
47.060000	2115.5304
47.080000	2118.7933
47.100000	2115.2833
47.120000	2114.3778
47.140000	2114.3597
47.160000	2116.5475
47.180000	2116.1060
47.200000	2116.0832
47.220000	2113.7305
47.240000	2113.6126
47.260000	2112.7828
47.280000	2112.8815
47.300000	2112.3439
47.320000	2114.1590
47.340000	2111.7675
47.360000	2111.9373
47.380000	2112.9592
47.400000	2114.7606
47.420000	2113.1518
47.440000	2112.5790
47.460000	2112.1817
47.480000	2109.4479
47.500000	2108.6293
47.520000	2108.5244
47.540000	2109.6497
47.560000	2108.3296
47.580000	2110.2107
47.600000	2110.2652
47.620000	2109.8671
47.640000	2109.8039
47.660000	2108.9416
47.680000	2108.1258
47.700000	2108.4290
47.720000	2107.0209
47.740000	2108.0825
47.760000	2107.1167
47.780000	2106.8327
47.800000	2106.4512
47.820000	2104.8372
47.840000	2105.0623
47.860000	2103.6130
47.880000	2102.9284
47.900000	2102.9821
47.920000	2104.1815
47.940000	2103.1915
47.960000	2103.4260
47.980000	2103.4924
48.000000	2103.0463
48.020000	2102.0911
48.040000	2103.5566
48.060000	2104.9215
48.080000	2103.9678
48.100000	2101.0533
48.120000	2103.2584
48.140000	2102.3116
48.160000	2100.5402
48.180000	2098.8392
48.200000	2099.6258
48.220000	2102.0282
48.240000	2101.6026
48.260000	2100.2621
48.280000	2099.2290
48.300000	2098.4125
48.320000	2099.8345
48.340000	2099.2415
48.360000	2096.6128
48.380000	2096.4079
48.400000	2097.7691
48.420000	2096.1540
48.440000	2094.4427
48.460000	2095.9048
48.480000	2095.7597
48.500000	2096.7009
48.520000	2095.3635
48.540000	2096.7936
48.560000	2095.7589
48.580000	2093.0395
48.600000	2092.0589
48.620000	2094.1818
48.640000	2095.4000
48.660000	2095.8439
48.680000	2096.3496
48.700000	2093.5560
48.720000	2093.3278
48.740000	2092.3011
48.760000	2091.5489
48.780000	2091.5132
48.800000	2090.6788
48.820000	2090.3985
48.840000	2091.8822
48.860000	2090.6700
48.880000	2091.9268
48.900000	2091.3817
48.920000	2089.8821
48.940000	2090.5019
48.960000	2090.2519
48.980000	2087.6133
49.000000	2086.8681
49.020000	2087.8788
49.040000	2087.3426
49.060000	2088.7991
49.080000	2089.5991
49.100000	2088.6632
49.120000	2089.2185
49.140000	2087.6361
49.160000	2086.2187
49.180000	2087.5555
49.200000	2086.2810
49.220000	2086.1681
49.240000	2086.6022
49.260000	2085.2103
49.280000	2087.3377
49.300000	2083.9001
49.320000	2082.6899
49.340000	2083.6868
49.360000	2083.7805
49.380000	2082.0767
49.400000	2083.2469
49.420000	2081.6357
49.440000	2082.1714
49.460000	2080.9463
49.480000	2078.3766
49.500000	2082.2691
49.520000	2081.2498
49.540000	2078.0031
49.560000	2079.3741
49.580000	2081.3700
49.600000	2078.8959
49.620000	2079.7569
49.640000	2080.0011
49.660000	2078.2891
49.680000	2078.6466
49.700000	2078.6978
49.720000	2076.0547
49.740000	2075.2728
49.760000	2078.1235
49.780000	2076.4359
49.800000	2075.4297
49.820000	2075.6628
49.840000	2076.6292
49.860000	2074.8693
49.880000	2072.6971
49.900000	2072.9459
49.920000	2073.8678
49.940000	2075.3422
49.960000	2073.9484
49.980000	2072.8293
50.000000	2074.3871
50.020000	2072.8135
50.040000	2071.1299
50.060000	2069.1228
50.080000	2070.6921
50.100000	2069.3937
50.120000	2069.9218
50.140000	2070.1502
50.160000	2071.6959
50.180000	2068.9156
50.200000	2067.3865
50.220000	2068.3604
50.240000	2067.8764
50.260000	2067.9474
50.280000	2068.9680
50.300000	2068.5780
50.320000	2068.2249
50.340000	2063.7767
50.360000	2066.3154
50.380000	2067.3588
50.400000	2064.1890
50.420000	2065.6720
50.440000	2063.6638
50.460000	2061.7645
50.480000	2063.0440
50.500000	2065.3906
50.520000	2061.9738
50.540000	2061.3013
50.560000	2065.3371
50.580000	2060.5104
50.600000	2059.1455
50.620000	2060.9930
50.640000	2060.7500
50.660000	2060.7678
50.680000	2061.0641
50.700000	2058.6115
50.720000	2058.9784
50.740000	2059.4313
50.760000	2059.6562
50.780000	2059.2933
50.800000	2060.8624
50.820000	2059.5180
50.840000	2057.8919
50.860000	2057.3789
50.880000	2055.1517
50.900000	2055.3193
50.920000	2057.4853
50.940000	2058.4304
50.960000	2056.6908
50.980000	2053.5366
51.000000	2053.6273
51.020000	2052.9413
51.040000	2053.1354
51.060000	2055.1285
51.080000	2054.3311
51.100000	2052.7256
51.120000	2050.7430
51.140000	2051.7074
51.160000	2047.7177
51.180000	2051.3347
51.200000	2049.2503
51.220000	2051.5846
51.240000	2052.4186
51.260000	2053.5629
51.280000	2050.4183
51.300000	2049.4988
51.320000	2047.8153
51.340000	2048.9035
51.360000	2051.7783
51.380000	2051.2961
51.400000	2049.2382
51.420000	2046.3791
51.440000	2046.7710
51.460000	2046.1913
51.480000	2047.0487
51.500000	2044.6613
51.520000	2043.0876
51.540000	2045.0650
51.560000	2045.6825
51.580000	2043.6839
51.600000	2045.0722
51.620000	2044.5959
51.640000	2039.5955
51.660000	2039.3105
51.680000	2041.7497
51.700000	2042.8579
51.720000	2039.3760
51.740000	2039.6604
51.760000	2039.5612
51.780000	2039.2123
51.800000	2039.3303
51.820000	2038.1222
51.840000	2038.7662
51.860000	2038.5026
51.880000	2038.3703
51.900000	2038.3128
51.920000	2036.3585
51.940000	2036.5835
51.960000	2036.0543
51.980000	2035.5770
52.000000	2035.6220
52.020000	2035.2921
52.040000	2034.7005
52.060000	2034.6768
52.080000	2034.5598
52.100000	2034.1877
52.120000	2035.4200
52.140000	2035.0674
52.160000	2034.0267
52.180000	2033.2416
52.200000	2033.2244
52.220000	2032.0397
52.240000	2030.3036
52.260000	2031.3869
52.280000	2030.4617
52.300000	2028.6584
52.320000	2029.4156
52.340000	2029.4059
52.360000	2031.0174
52.380000	2029.5509
52.400000	2028.2343
52.420000	2027.5027
52.440000	2030.2170
52.460000	2025.7668
52.480000	2026.8864
52.500000	2024.5594
52.520000	2023.3494
52.540000	2025.1040
52.560000	2027.3308
52.580000	2025.0286
52.600000	2025.0429
52.620000	2025.5076
52.640000	2023.1047
52.660000	2023.6088
52.680000	2022.9233
52.700000	2022.6508
52.720000	2023.5702
52.740000	2022.2813
52.760000	2021.4022
52.780000	2022.0765
52.800000	2022.4438
52.820000	2019.1970
52.840000	2018.2988
52.860000	2019.6503
52.880000	2018.1922
52.900000	2017.7582
52.920000	2019.3426
52.940000	2015.8312
52.960000	2018.8549
52.980000	2016.7407
53.000000	2017.4453
53.020000	2016.7058
53.040000	2014.4560
53.060000	2015.8737
53.080000	2015.1742
53.100000	2017.6353
53.120000	2017.2261
53.140000	2016.0007
53.160000	2011.7541
53.180000	2014.7286
53.200000	2014.7095
53.220000	2015.3945
53.240000	2014.1902
53.260000	2011.2746
53.280000	2011.9671
53.300000	2011.5131
53.320000	2013.4336
53.340000	2012.5103
53.360000	2011.7546
53.380000	2009.8027
53.400000	2008.5559
53.420000	2011.4543
53.440000	2008.2748
53.460000	2008.0626
53.480000	2008.7518
53.500000	2007.7728
53.520000	2007.1829
53.540000	2006.2972
53.560000	2007.3642
53.580000	2007.8773
53.600000	2004.9752
53.620000	2005.6987
53.640000	2004.3113
53.660000	2005.0384
53.680000	2005.6726
53.700000	2004.6669
53.720000	2003.0442
53.740000	2002.6498
53.760000	2002.5536
53.780000	2002.7384
53.800000	2003.2675
53.820000	2003.8593
53.840000	2004.7596
53.860000	2003.1685
53.880000	2002.4946
53.900000	1999.5974
53.920000	1999.7483
53.940000	2000.9706
53.960000	2001.7783
53.980000	2000.2105
54.000000	1998.7951
54.020000	1999.4671
54.040000	2000.8428
54.060000	2000.3835
54.080000	1996.6115
54.100000	1997.3792
54.120000	1998.6405
54.140000	1998.2223
54.160000	1999.6581
54.180000	1996.8879
54.200000	1996.7739
54.220000	1994.5552
54.240000	1994.3671
54.260000	1994.8624
54.280000	1995.2772
54.300000	1995.6017
54.320000	1992.2273
54.340000	1997.1828
54.360000	1994.6853
54.380000	1994.0263
54.400000	1991.2462
54.420000	1994.0689
54.440000	1995.4754
54.460000	1992.6919
54.480000	1992.6398
54.500000	1991.6178
54.520000	1992.2325
54.540000	1992.0912
54.560000	1990.7073
54.580000	1991.5942
54.600000	1990.2159
54.620000	1988.4971
54.640000	1987.4976
54.660000	1987.4291
54.680000	1989.5173
54.700000	1988.1383
54.720000	1988.4897
54.740000	1989.8091
54.760000	1989.0215
54.780000	1987.1257
54.800000	1987.6897
54.820000	1987.7263
54.840000	1986.4924
54.860000	1987.5185
54.880000	1982.6156
54.900000	1984.8648
54.920000	1986.0050
54.940000	1983.8346
54.960000	1983.4288
54.980000	1982.7284
55.000000	1984.5596
55.020000	1984.2205
55.040000	1982.1163
55.060000	1982.1763
55.080000	1983.4179
55.100000	1981.8472
55.120000	1983.8783
55.140000	1982.3356
55.160000	1983.3896
55.180000	1979.0917
55.200000	1981.4936
55.220000	1982.1909
55.240000	1979.8052
55.260000	1979.8873
55.280000	1979.6215
55.300000	1979.6130
55.320000	1983.2237
55.340000	1979.0893
55.360000	1977.1231
55.380000	1977.1944
55.400000	1977.1754
55.420000	1976.6641
55.440000	1974.3125
55.460000	1977.5286
55.480000	1976.2421
55.500000	1978.6996
55.520000	1974.9838
55.540000	1973.8837
55.560000	1974.0778
55.580000	1972.9521
55.600000	1974.9260
55.620000	1974.3095
55.640000	1973.4250
55.660000	1972.3774
55.680000	1968.1935
55.700000	1972.3591
55.720000	1969.7258
55.740000	1970.2284
55.760000	1971.2772
55.780000	1970.2248
55.800000	1970.7713
55.820000	1970.3647
55.840000	1968.3943
55.860000	1967.7020
55.880000	1967.7962
55.900000	1966.7068
55.920000	1965.1697
55.940000	1968.6527
55.960000	1967.8470
55.980000	1966.7941
56.000000	1965.7369
56.020000	1964.5017
56.040000	1964.8970
56.060000	1963.6812
56.080000	1964.4900
56.100000	1964.3898
56.120000	1964.2687
56.140000	1966.1847
56.160000	1963.8227
56.180000	1965.0571
56.200000	1963.6407
56.220000	1962.7915
56.240000	1964.6176
56.260000	1963.6969
56.280000	1962.9826
56.300000	1962.3837
56.320000	1963.9631
56.340000	1962.3795
56.360000	1959.6289
56.380000	1960.7459
56.400000	1963.3237
56.420000	1961.5996
56.440000	1959.6494
56.460000	1959.3813
56.480000	1960.7777
56.500000	1959.7036
56.520000	1958.5902
56.540000	1958.0250
56.560000	1957.5587
56.580000	1960.9680
56.600000	1956.0621
56.620000	1954.3064
56.640000	1955.6725
56.660000	1954.3111
56.680000	1954.4832
56.700000	1957.0271
56.720000	1952.8740
56.740000	1953.1788
56.760000	1951.9878
56.780000	1953.5307
56.800000	1953.0880
56.820000	1953.8749
56.840000	1954.6499
56.860000	1955.7802
56.880000	1951.7753
56.900000	1950.8701
56.920000	1949.7661
56.940000	1948.0257
56.960000	1953.4801
56.980000	1951.1481
57.000000	1952.3533
57.020000	1950.9093
57.040000	1950.0743
57.060000	1947.5502
57.080000	1946.5562
57.100000	1947.8609
57.120000	1946.9888
57.140000	1949.8895
57.160000	1946.5147
57.180000	1945.4758
57.200000	1948.9214
57.220000	1948.6658
57.240000	1950.6498
57.260000	1947.7144
57.280000	1946.6181
57.300000	1944.9056
57.320000	1947.6436
57.340000	1946.0803
57.360000	1946.6142
57.380000	1945.0479
57.400000	1944.9430
57.420000	1945.6200
57.440000	1944.6399
57.460000	1946.3605
57.480000	1944.6344
57.500000	1944.1320
57.520000	1943.4303
57.540000	1943.7679
57.560000	1942.1048
57.580000	1943.6253
57.600000	1940.6990
57.620000	1942.3617
57.640000	1942.8489
57.660000	1943.1323
57.680000	1942.4432
57.700000	1939.8401
57.720000	1940.7361
57.740000	1941.2245
57.760000	1943.1692
57.780000	1943.5098
57.800000	1939.0516
57.820000	1940.5184
57.840000	1939.3644
57.860000	1938.6599
57.880000	1939.7058
57.900000	1939.7041
57.920000	1940.4900
57.940000	1941.0401
57.960000	1938.2473
57.980000	1939.0995
58.000000	1936.1581
58.020000	1935.3666
58.040000	1941.6916
58.060000	1937.2608
58.080000	1937.5305
58.100000	1936.5137
58.120000	1936.2947
58.140000	1937.4165
58.160000	1935.3367
58.180000	1936.0489
58.200000	1935.8065
58.220000	1938.0648
58.240000	1938.1249
58.260000	1936.0091
58.280000	1937.1064
58.300000	1933.4086
58.320000	1932.7989
58.340000	1932.4397
58.360000	1934.1946
58.380000	1934.3373
58.400000	1933.9933
58.420000	1931.0937
58.440000	1929.5629
58.460000	1932.8047
58.480000	1931.7193
58.500000	1935.2486
58.520000	1934.4213
58.540000	1931.0760
58.560000	1932.1421
58.580000	1935.7489
58.600000	1928.8416
58.620000	1929.6688
58.640000	1929.9369
58.660000	1927.5501
58.680000	1934.5225
58.700000	1930.0610
58.720000	1931.3997
58.740000	1927.6106
58.760000	1926.6043
58.780000	1926.9072
58.800000	1928.6052
58.820000	1928.5047
58.840000	1926.2181
58.860000	1922.4899
58.880000	1924.6618
58.900000	1920.8172
58.920000	1923.5943
58.940000	1928.3388
58.960000	1928.4904
58.980000	1924.0140
59.000000	1922.8091
59.020000	1925.8638
59.040000	1925.5706
59.060000	1923.7950
59.080000	1924.3466
59.100000	1922.1982
59.120000	1921.2607
59.140000	1923.7413
59.160000	1926.1201
59.180000	1922.2247
59.200000	1921.2989
59.220000	1926.8372
59.240000	1921.9375
59.260000	1920.7773
59.280000	1925.4218
59.300000	1920.0806
59.320000	1922.5703
59.340000	1922.3564
59.360000	1922.6385
59.380000	1922.6648
59.400000	1920.8909
59.420000	1921.2702
59.440000	1920.4854
59.460000	1916.5633
59.480000	1916.8199
59.500000	1921.9901
59.520000	1916.4099
59.540000	1915.6956
59.560000	1917.6235
59.580000	1918.7408
59.600000	1916.5863
59.620000	1917.1006
59.640000	1915.7512
59.660000	1917.1988
59.680000	1915.6481
59.700000	1915.6777
59.720000	1924.8761
59.740000	1919.1397
59.760000	1915.0480
59.780000	1917.1917
59.800000	1917.3193
59.820000	1918.2122
59.840000	1916.4016
59.860000	1920.2159
59.880000	1915.2201
59.900000	1915.5519
59.920000	1914.1098
59.940000	1918.3430
59.960000	1914.0018
59.980000	1912.6981
60.000000	1917.1397
60.020000	1915.3231
60.040000	1915.3661
60.060000	1912.3941
60.080000	1915.3127
60.100000	1915.9006
60.120000	1912.0023
60.140000	1909.5381
60.160000	1910.7174
60.180000	1913.2435
60.200000	1913.6936
60.220000	1910.5809
60.240000	1909.8741
60.260000	1909.6633
60.280000	1910.1924
60.300000	1911.2810
60.320000	1912.5904
60.340000	1911.2325
60.360000	1908.7552
60.380000	1912.0582
60.400000	1908.3551
60.420000	1911.9222
60.440000	1910.5456
60.460000	1910.7997
60.480000	1912.0390
60.500000	1914.2837
60.520000	1909.1437
60.540000	1910.3994
60.560000	1911.4342
60.580000	1910.2027
60.600000	1909.8528
60.620000	1908.3204
60.640000	1907.8039
60.660000	1909.6586
60.680000	1909.5820
60.700000	1909.6708
60.720000	1905.0088
60.740000	1908.7321
60.760000	1909.1406
60.780000	1908.0926
60.800000	1908.8419
60.820000	1908.4339
60.840000	1907.9136
60.860000	1905.7642
60.880000	1909.6300
60.900000	1909.3400
60.920000	1910.7430
60.940000	1908.1208
60.960000	1913.4835
60.980000	1907.9594
61.000000	1908.6087
61.020000	1908.4406
61.040000	1908.8942
61.060000	1903.9377
61.080000	1902.3052
61.100000	1907.0815
61.120000	1908.2768
61.140000	1904.8441
61.160000	1903.0392
61.180000	1901.9041
61.200000	1900.9334
61.220000	1902.2121
61.240000	1904.1314
61.260000	1904.4755
61.280000	1903.0790
61.300000	1900.2475
61.320000	1905.7408
61.340000	1904.1122
61.360000	1902.0841
61.380000	1902.0695
61.400000	1901.4609
61.420000	1898.8528
61.440000	1898.1755
61.460000	1900.4688
61.480000	1906.6331
61.500000	1902.1968
61.520000	1900.3343
61.540000	1902.7393
61.560000	1902.2538
61.580000	1902.1242
61.600000	1897.5705
61.620000	1902.6950
61.640000	1900.5973
61.660000	1896.7964
61.680000	1897.9227
61.700000	1894.6295
61.720000	1896.7015
61.740000	1898.0622
61.760000	1899.0252
61.780000	1901.4614
61.800000	1896.8982
61.820000	1894.4574
61.840000	1898.0553
61.860000	1899.3676
61.880000	1894.9009
61.900000	1898.9836
61.920000	1896.3514
61.940000	1896.6645
61.960000	1894.6064
61.980000	1897.0491
62.000000	1900.1357
62.020000	1896.8505
62.040000	1893.7434
62.060000	1893.2890
62.080000	1893.7188
62.100000	1896.1766
62.120000	1898.3592
62.140000	1895.7615
62.160000	1894.2811
62.180000	1899.0463
62.200000	1892.1136
62.220000	1893.1890
62.240000	1892.1418
62.260000	1894.8950
62.280000	1893.5839
62.300000	1895.2114
62.320000	1896.7108
62.340000	1895.2169
62.360000	1897.9484
62.380000	1895.8765
62.400000	1895.2682
62.420000	1890.3594
62.440000	1890.8597
62.460000	1891.1419
62.480000	1894.6698
62.500000	1892.4924
62.520000	1896.8731
62.540000	1891.6186
62.560000	1893.0613
62.580000	1892.2875
62.600000	1889.6172
62.620000	1889.3112
62.640000	1888.4435
62.660000	1888.9142
62.680000	1890.1921
62.700000	1888.8326
62.720000	1888.0656
62.740000	1888.8135
62.760000	1889.5202
62.780000	1886.6806
62.800000	1887.8577
62.820000	1888.7727
62.840000	1888.0247
62.860000	1888.6945
62.880000	1887.0483
62.900000	1889.0646
62.920000	1885.8188
62.940000	1888.4078
62.960000	1888.9790
62.980000	1891.4018
63.000000	1887.7138
