0.0000000	0.0000000
0.010000000	95.258869
0.020000000	94.742529
0.030000000	99.577058
0.040000000	99.639307
0.050000000	100.89232
0.060000000	102.86076
0.070000000	104.88939
0.080000000	104.17495
0.090000000	106.09455
0.10000000	108.63024
0.11000000	109.61291
0.12000000	115.49692
0.13000000	131.29517
0.14000000	160.02960
0.15000000	201.69924
0.16000000	252.80240
0.17000000	304.25993
0.18000000	346.51295
0.19000000	362.56004
0.20000000	361.08928
0.21000000	357.58465
0.22000000	356.01959
0.23000000	358.94220
0.24000000	367.00842
0.25000000	371.33803
0.26000000	382.90218
0.27000000	391.23988
0.28000000	399.14492
0.29000000	407.42449
0.30000000	416.20151
0.31000000	422.54758
0.32000000	428.17595
0.33000000	435.99853
0.34000000	441.58799
0.35000000	448.77475
0.36000000	458.11826
0.37000000	468.01314
0.38000000	476.96528
0.39000000	487.64503
0.40000000	499.16734
0.41000000	511.80329
0.42000000	525.86841
0.43000000	539.56586
0.44000000	551.38450
0.45000000	562.81636
0.46000000	574.78472
0.47000000	584.15115
0.48000000	592.56122
0.49000000	599.48729
0.50000000	604.41295
0.51000000	607.43188
0.52000000	610.94520
0.53000000	614.32994
0.54000000	617.66775
0.55000000	621.41064
0.56000000	622.96669
0.57000000	624.44664
0.58000000	625.97509
0.59000000	628.74474
0.60000000	631.33809
0.61000000	633.96681
0.62000000	637.61615
0.63000000	639.65806
0.64000000	640.70881
0.65000000	642.62606
0.66000000	644.32581
0.67000000	646.91270
0.68000000	648.97548
0.69000000	650.54969
0.70000000	652.27132
0.71000000	654.42883
0.72000000	656.13179
0.73000000	657.79446
0.74000000	659.51200
0.75000000	662.48369
0.76000000	663.47395
0.77000000	665.09785
0.78000000	666.79858
0.79000000	668.88764
0.80000000	670.89304
0.81000000	672.04301
0.82000000	673.57129
0.83000000	675.91006
0.84000000	677.88741
0.85000000	679.85462
0.86000000	682.05599
0.87000000	683.86153
0.88000000	685.93691
0.89000000	687.06219
0.90000000	688.36722
0.91000000	690.35361
0.92000000	692.45581
0.93000000	693.78329
0.94000000	695.41186
0.95000000	697.18105
0.96000000	698.67807
0.97000000	700.76793
0.98000000	702.20702
0.99000000	704.03547
1.0000000	706.63554
1.0100000	707.98496
1.0200000	708.57738
1.0300000	710.62977
1.0400000	712.04483
1.0500000	714.42448
1.0600000	716.20641
1.0700000	717.61659
1.0800000	719.45259
1.0900000	722.60405
1.1000000	724.51518
1.1100000	725.70218
1.1200000	726.82190
1.1300000	726.90616
1.1400000	727.90877
1.1500000	729.88881
1.1600000	731.76908
1.1700000	734.13495
1.1800000	736.08041
1.1900000	738.07108
1.2000000	739.35474
1.2100000	740.48471
1.2200000	740.84201
1.2300000	742.37378
1.2400000	744.85107
1.2500000	746.54741
1.2600000	748.61816
1.2700000	750.23905
1.2800000	752.98319
1.2900000	754.35207
1.3000000	755.51519
1.3100000	757.53614
1.3200000	760.16243
1.3300000	762.68373
1.3400000	764.93584
1.3500000	767.63275
1.3600000	770.60220
1.3700000	772.46470
1.3800000	775.11427
1.3900000	777.34124
1.4000000	780.37227
1.4100000	783.04155
1.4200000	785.83651
1.4300000	789.99613
1.4400000	793.31818
1.4500000	796.79698
1.4600000	799.31272
1.4700000	802.40895
1.4800000	806.00822
1.4900000	809.09171
1.5000000	812.62635
1.5100000	816.94165
1.5200000	821.07474
1.5300000	824.67312
1.5400000	828.78694
1.5500000	832.70687
1.5600000	837.30963
1.5700000	842.03413
1.5800000	847.82242
1.5900000	853.02756
1.6000000	857.64485
1.6100000	862.75458
1.6200000	868.52510
1.6300000	874.36102
1.6400000	881.06548
1.6500000	887.80898
1.6600000	893.34308
1.6700000	899.19342
1.6800000	906.35051
1.6900000	913.08803
1.7000000	920.48620
1.7100000	928.33419
1.7200000	936.32511
1.7300000	944.54955
1.7400000	952.81994
1.7500000	961.87784
1.7600000	970.69147
1.7700000	979.67312
1.7800000	990.24172
1.7900000	1002.0393
1.8000000	1013.0462
1.8100000	1022.0220
1.8200000	1030.4557
1.8300000	1039.7576
1.8400000	1049.3614
1.8500000	1059.5489
1.8600000	1070.5317
1.8700000	1082.2555
1.8800000	1094.0757
1.8900000	1105.8042
1.9000000	1117.9444
1.9100000	1130.2163
1.9200000	1142.5779
1.9300000	1155.2168
1.9400000	1168.5443
1.9500000	1181.2397
1.9600000	1192.9499
1.9700000	1205.9644
1.9800000	1219.2858
1.9900000	1232.4395
2.0000000	1246.0868
2.0100000	1259.6588
2.0200000	1272.0840
2.0300000	1284.3994
2.0400000	1296.9929
2.0500000	1309.3210
2.0600000	1321.4512
2.0700000	1333.5355
2.0800000	1345.2917
2.0900000	1356.4788
2.1000000	1366.6787
2.1100000	1377.2034
2.1200000	1387.0253
2.1300000	1396.4788
2.1400000	1405.5937
2.1500000	1413.9879
2.1600000	1422.2059
2.1700000	1429.5133
2.1800000	1435.3617
2.1900000	1441.2518
2.2000000	1446.6085
2.2100000	1451.3669
2.2200000	1454.8440
2.2300000	1456.7464
2.2400000	1458.7212
2.2500000	1460.0671
2.2600000	1459.3218
2.2700000	1458.6700
2.2800000	1457.3626
2.2900000	1455.1560
2.3000000	1452.5262
2.3100000	1449.5215
2.3200000	1445.5993
2.3300000	1440.1660
2.3400000	1433.8434
2.3500000	1427.5288
2.3600000	1421.1071
2.3700000	1413.9693
2.3800000	1406.4077
2.3900000	1398.5728
2.4000000	1390.6879
2.4100000	1381.8783
2.4200000	1371.9404
2.4300000	1361.9123
2.4400000	1351.4052
2.4500000	1341.6438
2.4600000	1331.7263
2.4700000	1321.1070
2.4800000	1310.6772
2.4900000	1299.6212
2.5000000	1287.6700
2.5100000	1276.5387
2.5200000	1265.0314
2.5300000	1253.5868
2.5400000	1243.1182
2.5500000	1232.3259
2.5600000	1221.6211
2.5700000	1211.0825
2.5800000	1200.0003
2.5900000	1189.2505
2.6000000	1178.9581
2.6100000	1168.7317
2.6200000	1159.1029
2.6300000	1150.0556
2.6400000	1140.4197
2.6500000	1131.4298
2.6600000	1122.4298
2.6700000	1113.0207
2.6800000	1104.8492
2.6900000	1097.4857
2.7000000	1090.8646
2.7100000	1084.1155
2.7200000	1077.3191
2.7300000	1071.1321
2.7400000	1065.5426
2.7500000	1061.3600
2.7600000	1057.6855
2.7700000	1054.3314
2.7800000	1051.4068
2.7900000	1049.8097
2.8000000	1048.3006
2.8100000	1048.4922
2.8200000	1049.0705
2.8300000	1050.6590
2.8400000	1054.5669
2.8500000	1061.1014
2.8600000	1071.7987
2.8700000	1090.2587
2.8800000	1125.7773
2.8900000	1202.3241
2.9000000	1393.4925
2.9100000	1915.9241
2.9200000	3354.4222
2.9300000	6953.6987
2.9400000	13850.056
2.9500000	19758.558
2.9600000	16812.865
2.9700000	9143.4597
2.9800000	4350.5877
2.9900000	2264.6405
3.0000000	1479.4959
3.0100000	1191.9587
3.0200000	1069.7871
3.0300000	1008.0467
3.0400000	970.70473
3.0500000	944.80397
3.0600000	923.50958
3.0700000	905.53814
3.0800000	888.97553
3.0900000	873.43205
3.1000000	858.84909
3.1100000	845.35221
3.1200000	833.24000
3.1300000	821.31988
3.1400000	809.92292
3.1500000	800.04724
3.1600000	790.78645
3.1700000	781.07104
3.1800000	771.81410
3.1900000	764.20635
3.2000000	757.48208
3.2100000	750.40248
3.2200000	743.16060
3.2300000	735.85252
3.2400000	729.11844
3.2500000	722.81307
3.2600000	716.61829
3.2700000	710.91101
3.2800000	705.50083
3.2900000	700.25539
3.3000000	694.55037
3.3100000	689.41706
3.3200000	684.95320
3.3300000	679.99452
3.3400000	675.03522
3.3500000	669.90881
3.3600000	665.74380
3.3700000	662.30046
3.3800000	658.57473
3.3900000	654.74956
3.4000000	651.14208
3.4100000	647.10674
3.4200000	643.57543
3.4300000	640.30136
3.4400000	636.93867
3.4500000	633.58816
3.4600000	629.96986
3.4700000	626.67815
3.4800000	623.97917
3.4900000	621.11475
3.5000000	618.10482
3.5100000	615.46376
3.5200000	612.94820
3.5300000	610.20356
3.5400000	607.71649
3.5500000	605.58993
3.5600000	603.39120
3.5700000	600.86727
3.5800000	598.05388
3.5900000	594.78695
3.6000000	591.71814
3.6100000	588.66978
3.6200000	586.24013
3.6300000	583.87513
3.6400000	581.40739
3.6500000	579.14999
3.6600000	576.94682
3.6700000	574.60619
3.6800000	572.10989
3.6900000	569.70468
3.7000000	567.20073
3.7100000	564.70342
3.7200000	562.76304
3.7300000	560.65746
3.7400000	558.14687
3.7500000	555.65649
3.7600000	553.91799
3.7700000	552.01827
3.7800000	549.45444
3.7900000	547.55834
3.8000000	545.33541
3.8100000	543.73981
3.8200000	542.03889
3.8300000	540.61674
3.8400000	538.91572
3.8500000	537.22553
3.8600000	536.61907
3.8700000	535.71810
3.8800000	533.31571
3.8900000	529.94902
3.9000000	526.65736
3.9100000	523.70527
3.9200000	521.50393
3.9300000	519.21310
3.9400000	517.14639
3.9500000	515.62343
3.9600000	514.17487
3.9700000	512.48463
3.9800000	511.19257
3.9900000	510.14380
4.0000000	508.96043
4.0100000	508.08503
4.0200000	506.65157
4.0300000	505.63428
4.0400000	504.33809
4.0500000	503.73323
4.0600000	503.01640
4.0700000	502.72697
4.0800000	501.74393
4.0900000	500.84453
4.1000000	500.31466
4.1100000	500.13877
4.1200000	500.09377
4.1300000	500.09044
4.1400000	499.98221
4.1500000	499.54261
4.1600000	499.79894
4.1700000	500.56251
4.1800000	500.68191
4.1900000	500.84487
4.2000000	501.33653
4.2100000	501.75937
4.2200000	502.37210
4.2300000	503.42628
4.2400000	504.48940
4.2500000	505.77474
4.2600000	507.12215
4.2700000	507.84774
4.2800000	508.37625
4.2900000	508.76356
4.3000000	509.75800
4.3100000	510.45659
4.3200000	511.15887
4.3300000	512.23902
4.3400000	513.26016
4.3500000	514.32125
4.3600000	515.43639
4.3700000	516.34087
4.3800000	517.83139
4.3900000	519.78686
4.4000000	521.60675
4.4100000	523.90567
4.4200000	525.79136
4.4300000	526.30504
4.4400000	526.05230
4.4500000	526.40688
4.4600000	527.74073
4.4700000	530.05289
4.4800000	533.73666
4.4900000	537.40668
4.5000000	540.42427
4.5100000	542.48607
4.5200000	543.23222
4.5300000	543.44971
4.5400000	543.28658
4.5500000	543.70389
4.5600000	545.06335
4.5700000	547.81976
4.5800000	551.60196
4.5900000	557.73316
4.6000000	564.02953
4.6100000	566.91166
4.6200000	567.17629
4.6300000	566.58031
4.6400000	566.99721
4.6500000	569.56090
4.6600000	573.35195
4.6700000	577.60584
4.6800000	582.79297
4.6900000	588.68681
4.7000000	595.87634
4.7100000	603.79554
4.7200000	613.11630
4.7300000	625.14319
4.7400000	642.89421
4.7500000	672.00129
4.7600000	730.32420
4.7700000	868.46740
4.7800000	1229.2575
4.7900000	2216.5261
4.8000000	4703.0907
4.8100000	9402.8121
4.8200000	13550.450
4.8300000	11698.199
4.8400000	6508.0954
4.8500000	3110.0105
4.8600000	1622.5635
4.8700000	1018.0455
4.8800000	792.13305
4.8900000	703.45495
4.9000000	661.13748
4.9100000	638.02068
4.9200000	622.89821
4.9300000	611.68392
4.9400000	602.48450
4.9500000	595.35431
4.9600000	589.65474
4.9700000	584.56891
4.9800000	578.08959
4.9900000	569.81727
5.0000000	562.88266
5.0100000	557.60972
5.0200000	553.70787
5.0300000	550.96896
5.0400000	548.41201
5.0500000	544.34830
5.0600000	539.26012
5.0700000	534.53571
5.0800000	531.13716
5.0900000	528.16256
5.1000000	524.73200
5.1100000	521.75942
5.1200000	518.87489
5.1300000	516.55432
5.1400000	514.80150
5.1500000	512.99276
5.1600000	512.02534
5.1700000	511.28098
5.1800000	510.69691
5.1900000	509.88412
5.2000000	509.06328
5.2100000	507.88984
5.2200000	506.21608
5.2300000	504.46016
5.2400000	502.35375
5.2500000	500.74688
5.2600000	499.67620
5.2700000	498.82154
5.2800000	498.00011
5.2900000	497.29043
5.3000000	497.54222
5.3100000	497.48967
5.3200000	497.01708
5.3300000	496.42004
5.3400000	496.48856
5.3500000	496.89097
5.3600000	497.48555
5.3700000	498.06191
5.3800000	499.01030
5.3900000	500.04490
5.4000000	501.06229
5.4100000	502.02656
5.4200000	502.65466
5.4300000	503.62617
5.4400000	504.61719
5.4500000	506.02649
5.4600000	507.71370
5.4700000	509.17436
5.4800000	511.17205
5.4900000	513.54598
5.5000000	516.37557
5.5100000	519.39377
5.5200000	522.49196
5.5300000	526.44762
5.5400000	531.27642
5.5500000	536.65029
5.5600000	543.13438
5.5700000	552.55190
5.5800000	567.41254
5.5900000	596.50262
5.6000000	661.33602
5.6100000	827.21743
5.6200000	1271.2650
5.6300000	2420.7578
5.6400000	4871.3858
5.6500000	7849.3886
5.6600000	7990.4811
5.6700000	5077.2972
5.6800000	2581.4915
5.6900000	1379.2765
5.7000000	871.78840
5.7100000	681.38109
5.7200000	610.22147
5.7300000	577.59964
5.7400000	561.11588
5.7500000	551.06994
5.7600000	543.80854
5.7700000	538.30994
5.7800000	533.48307
5.7900000	529.29948
5.8000000	525.36498
5.8100000	521.74031
5.8200000	518.52389
5.8300000	515.75656
5.8400000	513.30575
5.8500000	511.11890
5.8600000	508.83280
5.8700000	506.69553
5.8800000	505.22901
5.8900000	504.33107
5.9000000	503.79883
5.9100000	502.64896
5.9200000	500.97757
5.9300000	498.78573
5.9400000	497.04599
5.9500000	495.83204
5.9600000	495.03485
5.9700000	494.39347
5.9800000	493.69688
5.9900000	493.19513
6.0000000	492.75566
6.0100000	492.62066
6.0200000	492.33152
6.0300000	492.53576
6.0400000	492.35010
6.0500000	491.95643
6.0600000	491.75723
6.0700000	491.62199
6.0800000	491.35625
6.0900000	491.53905
6.1000000	491.78272
6.1100000	491.79196
6.1200000	491.87651
6.1300000	491.96030
6.1400000	492.03268
6.1500000	492.18086
6.1600000	492.35137
6.1700000	492.53638
6.1800000	492.83835
6.1900000	493.15523
6.2000000	493.58867
6.2100000	493.58103
6.2200000	493.69460
6.2300000	493.93007
6.2400000	494.06679
6.2500000	494.16949
6.2600000	494.57807
6.2700000	494.70935
6.2800000	495.02823
6.2900000	495.28584
6.3000000	495.68536
6.3100000	495.86407
6.3200000	495.97253
6.3300000	495.94905
6.3400000	495.98248
6.3500000	496.23227
6.3600000	496.66320
6.3700000	497.03550
6.3800000	497.32368
6.3900000	497.57008
6.4000000	497.76798
6.4100000	498.17475
6.4200000	498.50225
6.4300000	498.58637
6.4400000	498.65174
6.4500000	498.94384
6.4600000	499.37236
6.4700000	499.18638
6.4800000	499.27082
6.4900000	499.48136
6.5000000	499.87115
6.5100000	500.63801
6.5200000	501.15124
6.5300000	501.06488
6.5400000	501.40682
6.5500000	501.94460
6.5600000	502.17287
6.5700000	501.97756
6.5800000	502.35119
6.5900000	503.06958
6.6000000	503.29155
6.6100000	503.80177
6.6200000	504.61484
6.6300000	505.30615
6.6400000	505.79331
6.6500000	506.08888
6.6600000	506.55502
6.6700000	507.26714
6.6800000	507.94861
6.6900000	508.91752
6.7000000	509.71356
6.7100000	510.66753
6.7200000	512.27084
6.7300000	514.63926
6.7400000	518.06514
6.7500000	523.01001
6.7600000	533.53614
6.7700000	558.83216
6.7800000	624.68842
6.7900000	798.93322
6.8000000	1229.0965
6.8100000	2024.4706
6.8200000	2702.8096
6.8300000	2391.4918
6.8400000	1533.1088
6.8500000	962.82162
6.8600000	699.11833
6.8700000	588.11344
6.8800000	547.00124
6.8900000	529.49794
6.9000000	521.17904
6.9100000	516.78336
6.9200000	514.01611
6.9300000	511.89796
6.9400000	510.17605
6.9500000	508.80282
6.9600000	507.74884
6.9700000	506.70101
6.9800000	505.73617
6.9900000	504.49341
7.0000000	503.74120
7.0100000	503.25586
7.0200000	502.88728
7.0300000	502.18715
7.0400000	501.42671
7.0500000	500.87964
7.0600000	500.63290
7.0700000	500.71987
7.0800000	500.86932
7.0900000	500.64079
7.1000000	500.81408
7.1100000	500.92187
7.1200000	501.01737
7.1300000	501.37798
7.1400000	501.87175
7.1500000	502.15217
7.1600000	502.61880
7.1700000	503.11867
7.1800000	503.58627
7.1900000	504.14896
7.2000000	504.88088
7.2100000	505.62643
7.2200000	506.00753
7.2300000	506.87558
7.2400000	507.75485
7.2500000	508.96609
7.2600000	510.55495
7.2700000	511.58177
7.2800000	512.60368
7.2900000	514.37940
7.3000000	516.19320
7.3100000	518.31556
7.3200000	521.10451
7.3300000	524.81890
7.3400000	529.10367
7.3500000	534.80871
7.3600000	542.68371
7.3700000	556.16545
7.3800000	586.30499
7.3900000	662.86462
7.4000000	864.90121
7.4100000	1381.7534
7.4200000	2456.3102
7.4300000	3727.4493
7.4400000	3766.2937
7.4500000	2520.9387
7.4600000	1447.2070
7.4700000	920.23915
7.4800000	689.07059
7.4900000	599.25453
7.5000000	563.40608
7.5100000	547.36783
7.5200000	539.07659
7.5300000	534.25587
7.5400000	530.99963
7.5500000	528.22151
7.5600000	526.14499
7.5700000	523.86228
7.5800000	521.56507
7.5900000	519.80544
7.6000000	518.05168
7.6100000	516.71750
7.6200000	515.24714
7.6300000	513.73786
7.6400000	512.34607
7.6500000	510.87485
7.6600000	509.46992
7.6700000	508.11912
7.6800000	507.40839
7.6900000	506.80776
7.7000000	506.06790
7.7100000	505.37042
7.7200000	503.62034
7.7300000	501.38602
7.7400000	499.38550
7.7500000	497.54490
7.7600000	496.28573
7.7700000	494.51725
7.7800000	493.57115
7.7900000	493.10279
7.8000000	491.79089
7.8100000	489.76526
7.8200000	488.00198
7.8300000	486.58802
7.8400000	485.02260
7.8500000	483.60484
7.8600000	482.46102
7.8700000	481.17626
7.8800000	480.07805
7.8900000	478.70172
7.9000000	477.30921
7.9100000	475.46245
7.9200000	473.69409
7.9300000	472.26811
7.9400000	470.89454
7.9500000	469.46869
7.9600000	467.97845
7.9700000	466.42359
7.9800000	465.04805
7.9900000	463.91330
8.0000000	462.69033
8.0100000	461.41850
8.0200000	460.31350
8.0300000	459.09611
8.0400000	457.27219
8.0500000	455.91511
8.0600000	454.69611
8.0700000	453.30127
8.0800000	452.64398
8.0900000	451.89554
8.1000000	451.14341
8.1100000	450.40951
8.1200000	449.61990
8.1300000	448.95713
8.1400000	448.23382
8.1500000	447.82090
8.1600000	447.51276
8.1700000	447.20250
8.1800000	447.23455
8.1900000	447.23674
8.2000000	447.51526
8.2100000	448.13108
8.2200000	449.01648
8.2300000	450.06201
8.2400000	451.69603
8.2500000	453.90105
8.2600000	456.31613
8.2700000	459.80368
8.2800000	466.51405
8.2900000	480.18483
8.3000000	511.11879
8.3100000	587.94510
8.3200000	788.75170
8.3300000	1304.4595
8.3400000	2458.0923
8.3500000	4154.8089
8.3600000	4838.3984
8.3700000	3572.8085
8.3800000	1998.6068
8.3900000	1127.3895
8.4000000	727.51881
8.4100000	562.43721
8.4200000	497.98658
8.4300000	469.95410
8.4400000	456.05576
8.4500000	448.19380
8.4600000	443.49942
8.4700000	439.80899
8.4800000	435.97239
8.4900000	432.21329
8.5000000	428.39952
8.5100000	425.55292
8.5200000	422.71905
8.5300000	419.93149
8.5400000	417.69570
8.5500000	415.50385
8.5600000	413.69282
8.5700000	412.09788
8.5800000	410.59259
8.5900000	409.42566
8.6000000	408.48019
8.6100000	407.80900
8.6200000	407.03761
8.6300000	406.06853
8.6400000	405.35331
8.6500000	404.39019
8.6600000	403.42702
8.6700000	402.65944
8.6800000	401.99652
8.6900000	401.36575
8.7000000	400.82799
8.7100000	400.39674
8.7200000	400.44988
8.7300000	400.63517
8.7400000	401.09534
8.7500000	401.29527
8.7600000	401.72381
8.7700000	403.28829
8.7800000	405.79831
8.7900000	409.93251
8.8000000	418.44732
8.8100000	438.09464
8.8200000	487.99740
8.8300000	618.23458
8.8400000	944.35814
8.8500000	1624.3712
8.8600000	2492.4922
8.8700000	2653.3018
8.8800000	1882.4905
8.8900000	1115.0778
8.9000000	713.68393
8.9100000	530.02494
8.9200000	451.84096
8.9300000	421.88425
8.9400000	408.43060
8.9500000	401.73276
8.9600000	398.12654
8.9700000	395.50325
8.9800000	393.28809
8.9900000	391.55210
9.0000000	389.84444
9.0100000	388.21862
9.0200000	386.58412
9.0300000	385.33720
9.0400000	384.15196
9.0500000	382.86113
9.0600000	381.79505
9.0700000	380.69215
9.0800000	379.53574
9.0900000	378.64177
9.1000000	377.81358
9.1100000	377.12949
9.1200000	376.43429
9.1300000	375.47327
9.1400000	374.69172
9.1500000	374.18274
9.1600000	373.76425
9.1700000	373.02868
9.1800000	372.68687
9.1900000	372.30615
9.2000000	371.90783
9.2100000	371.63761
9.2200000	371.26129
9.2300000	371.14977
9.2400000	370.86350
9.2500000	370.33442
9.2600000	370.13981
9.2700000	369.95925
9.2800000	369.81437
9.2900000	369.68782
9.3000000	368.96119
9.3100000	368.88295
9.3200000	368.78091
9.3300000	368.73097
9.3400000	368.51731
9.3500000	368.79467
9.3600000	368.78124
9.3700000	368.75437
9.3800000	368.85431
9.3900000	369.03720
9.4000000	369.24281
9.4100000	369.79618
9.4200000	370.12149
9.4300000	370.54806
9.4400000	371.10728
9.4500000	371.31902
9.4600000	371.07948
9.4700000	370.73560
9.4800000	370.75188
9.4900000	371.19454
9.5000000	371.88982
9.5100000	372.65215
9.5200000	373.12004
9.5300000	373.61522
9.5400000	374.36570
9.5500000	375.35463
9.5600000	376.76878
9.5700000	378.68052
9.5800000	381.37368
9.5900000	386.91716
9.6000000	400.15786
9.6100000	432.87063
9.6200000	517.61242
9.6300000	723.00207
9.6400000	1120.2305
9.6500000	1546.3138
9.6600000	1524.7079
9.6700000	1086.2116
9.6800000	715.10824
9.6900000	526.60133
9.7000000	441.14794
9.7100000	405.12821
9.7200000	390.24151
9.7300000	383.78544
9.7400000	380.45379
9.7500000	378.41417
9.7600000	377.00171
9.7700000	375.77012
9.7800000	374.75118
9.7900000	374.08292
9.8000000	373.50499
9.8100000	373.00278
9.8200000	372.31917
9.8300000	371.73912
9.8400000	371.29507
9.8500000	371.38450
9.8600000	371.09607
9.8700000	370.83595
9.8800000	370.43519
9.8900000	370.19809
9.9000000	370.24567
9.9100000	370.12847
9.9200000	370.17868
9.9300000	370.33849
9.9400000	370.54785
9.9500000	370.96365
9.9600000	371.30694
9.9700000	371.74837
9.9800000	372.26486
9.9900000	373.02457
10.000000	374.60987
10.010000	376.90955
10.020000	380.46583
10.030000	387.68555
10.040000	403.34139
10.050000	442.12175
10.060000	542.76061
10.070000	792.42808
10.080000	1321.1661
10.090000	2073.8001
10.100000	2374.7924
10.110000	1824.3577
10.120000	1118.2706
10.130000	711.47809
10.140000	517.24286
10.150000	432.47127
10.160000	397.46209
10.170000	382.26544
10.180000	374.83969
10.190000	370.47979
10.200000	367.52982
10.210000	365.23110
10.220000	363.27430
10.230000	361.48574
10.240000	360.01575
10.250000	358.67029
10.260000	357.25706
10.270000	355.85868
10.280000	354.34931
10.290000	353.17495
10.300000	352.11118
10.310000	351.15463
10.320000	350.06314
10.330000	349.02386
10.340000	348.13875
10.350000	347.28767
10.360000	346.43592
10.370000	345.78251
10.380000	344.95448
10.390000	343.86533
10.400000	343.19543
10.410000	342.89896
10.420000	342.56030
10.430000	342.04928
10.440000	341.41815
10.450000	340.99216
10.460000	340.47646
10.470000	339.97412
10.480000	339.74743
10.490000	339.53546
10.500000	339.26290
10.510000	339.29600
10.520000	338.98218
10.530000	338.57016
10.540000	338.22171
10.550000	338.12718
10.560000	338.00914
10.570000	337.84407
10.580000	337.96266
10.590000	338.07449
10.600000	337.89493
10.610000	337.94860
10.620000	338.25782
10.630000	338.64173
10.640000	339.00279
10.650000	339.38449
10.660000	339.80445
10.670000	340.42842
10.680000	341.14877
10.690000	342.19357
10.700000	343.62753
10.710000	345.74989
10.720000	348.84951
10.730000	354.41996
10.740000	367.08039
10.750000	399.03243
10.760000	480.10535
10.770000	676.64204
10.780000	1077.1122
10.790000	1614.7660
10.800000	1798.9186
10.810000	1388.6481
10.820000	884.73124
10.830000	593.26586
10.840000	453.77048
10.850000	391.06451
10.860000	364.90008
10.870000	353.93884
10.880000	348.76825
10.890000	345.80698
10.900000	343.93532
10.910000	342.39772
10.920000	341.19044
10.930000	340.37230
10.940000	339.68087
10.950000	339.07562
10.960000	338.50261
10.970000	337.46620
10.980000	336.74329
10.990000	336.43810
11.000000	336.07122
11.010000	336.03761
11.020000	335.80717
11.030000	335.59370
11.040000	335.46653
11.050000	335.49789
11.060000	335.26150
11.070000	335.39724
11.080000	335.74834
11.090000	336.16448
11.100000	337.20851
11.110000	337.99431
11.120000	339.20407
11.130000	341.71783
11.140000	347.47808
11.150000	362.11777
11.160000	400.20380
11.170000	490.63444
11.180000	668.80758
11.190000	890.19033
11.200000	941.13541
11.210000	754.16465
11.220000	549.95761
11.230000	435.04929
11.240000	380.23443
11.250000	355.37768
11.260000	345.13270
11.270000	341.33419
11.280000	339.30381
11.290000	338.35751
11.300000	337.71662
11.310000	337.07882
11.320000	336.83508
11.330000	336.40071
11.340000	336.12442
11.350000	335.92973
11.360000	335.61481
11.370000	335.55095
11.380000	335.15972
11.390000	335.07612
11.400000	334.91919
11.410000	334.59702
11.420000	334.74253
11.430000	334.59711
11.440000	334.46294
11.450000	334.47829
11.460000	334.60376
11.470000	334.25924
11.480000	334.20318
11.490000	334.61485
11.500000	334.69219
11.510000	334.70708
11.520000	334.69885
11.530000	335.11005
11.540000	335.32640
11.550000	335.25916
11.560000	335.40064
11.570000	335.55534
11.580000	335.83616
11.590000	335.87907
11.600000	336.12323
11.610000	336.37407
11.620000	336.81247
11.630000	337.12915
11.640000	337.29974
11.650000	337.61863
11.660000	337.87096
11.670000	338.25541
11.680000	338.54613
11.690000	338.76837
11.700000	338.96966
11.710000	339.24497
11.720000	339.48601
11.730000	339.92221
11.740000	340.43431
11.750000	341.21009
11.760000	341.92962
11.770000	344.19882
11.780000	348.98820
11.790000	361.47770
11.800000	391.60068
11.810000	456.17903
11.820000	563.30591
11.830000	650.00180
11.840000	615.63557
11.850000	506.11943
11.860000	422.59874
11.870000	379.42455
11.880000	359.20945
11.890000	350.26495
11.900000	346.81953
11.910000	345.46880
11.920000	345.00292
11.930000	344.46899
11.940000	344.12362
11.950000	344.20273
11.960000	344.10751
11.970000	344.12350
11.980000	344.52108
11.990000	344.57877
12.000000	344.70374
12.010000	345.21190
12.020000	345.49242
12.030000	345.78703
12.040000	346.38734
12.050000	346.77958
12.060000	347.13165
12.070000	347.50836
12.080000	348.19244
12.090000	349.00889
12.100000	349.87208
12.110000	351.19392
12.120000	353.23451
12.130000	356.54587
12.140000	364.21868
12.150000	383.06801
12.160000	429.97205
12.170000	538.89487
12.180000	753.09568
12.190000	1033.8706
12.200000	1135.2920
12.210000	931.32638
12.220000	664.49225
12.230000	500.49355
12.240000	419.13116
12.250000	381.08016
12.260000	364.48262
12.270000	357.60981
12.280000	354.34683
12.290000	352.30762
12.300000	351.24673
12.310000	350.41650
12.320000	349.61593
12.330000	349.16092
12.340000	348.83755
12.350000	348.64434
12.360000	348.39522
12.370000	347.74622
12.380000	347.24956
12.390000	347.06303
12.400000	346.81726
12.410000	346.79411
12.420000	346.62629
12.430000	346.47640
12.440000	346.31181
12.450000	346.02078
12.460000	345.66195
12.470000	345.64753
12.480000	345.66915
12.490000	345.76365
12.500000	345.83582
12.510000	345.83847
12.520000	345.74844
12.530000	345.89995
12.540000	345.94722
12.550000	346.11447
12.560000	346.32585
12.570000	346.50919
12.580000	346.88851
12.590000	347.07951
12.600000	347.61382
12.610000	348.00657
12.620000	348.27583
12.630000	348.93919
12.640000	349.28087
12.650000	349.75127
12.660000	350.59278
12.670000	351.54089
12.680000	352.58259
12.690000	354.05813
12.700000	356.46924
12.710000	360.25314
12.720000	367.40051
12.730000	383.91469
12.740000	424.95955
12.750000	526.27166
12.760000	747.96206
12.770000	1136.4098
12.780000	1524.3518
12.790000	1509.8960
12.800000	1115.0711
12.810000	745.00033
12.820000	537.60859
12.830000	436.43712
12.840000	390.29502
12.850000	370.59286
12.860000	362.05674
12.870000	357.77972
12.880000	355.10694
12.890000	353.50558
12.900000	352.24826
12.910000	350.90305
12.920000	350.00553
12.930000	349.32888
12.940000	348.50426
12.950000	347.78144
12.960000	347.17967
12.970000	346.51065
12.980000	346.26691
12.990000	345.93555
13.000000	345.82587
13.010000	345.87142
13.020000	345.96014
13.030000	346.29000
13.040000	347.14874
13.050000	349.04403
13.060000	353.35343
13.070000	363.85878
13.080000	391.45877
13.090000	460.13353
13.100000	608.04015
13.110000	860.39687
13.120000	1102.9869
13.130000	1081.1949
13.140000	824.65788
13.150000	589.23987
13.160000	456.44823
13.170000	391.18793
13.180000	361.11348
13.190000	348.31178
13.200000	342.44257
13.210000	339.29939
13.220000	337.30675
13.230000	335.57876
13.240000	334.28010
13.250000	333.34058
13.260000	332.41163
13.270000	331.55494
13.280000	330.73531
13.290000	330.00451
13.300000	329.09906
13.310000	327.94225
13.320000	327.20407
13.330000	326.52200
13.340000	325.79096
13.350000	325.22626
13.360000	324.65760
13.370000	323.71743
13.380000	323.30611
13.390000	322.86035
13.400000	322.24645
13.410000	321.94192
13.420000	321.68380
13.430000	320.93136
13.440000	320.32165
13.450000	319.62269
13.460000	319.13230
13.470000	318.83419
13.480000	318.96020
13.490000	318.43740
13.500000	318.05670
13.510000	317.57288
13.520000	317.14033
13.530000	316.92321
13.540000	316.43700
13.550000	316.18333
13.560000	315.77845
13.570000	315.25526
13.580000	315.11837
13.590000	315.06557
13.600000	315.22779
13.610000	316.08751
13.620000	317.49013
13.630000	321.75403
13.640000	332.79672
13.650000	355.30667
13.660000	389.74955
13.670000	415.10350
13.680000	402.85244
13.690000	368.00298
13.700000	339.91258
13.710000	324.56584
13.720000	317.28117
13.730000	313.68790
13.740000	311.85821
13.750000	310.99322
13.760000	310.32555
13.770000	310.09068
13.780000	309.66197
13.790000	309.31114
13.800000	309.05891
13.810000	308.88405
13.820000	308.82399
13.830000	308.38027
13.840000	308.38854
13.850000	308.35165
13.860000	308.19455
13.870000	308.12081
13.880000	307.78347
13.890000	307.47348
13.900000	307.81289
13.910000	308.05753
13.920000	308.47955
13.930000	309.72866
13.940000	313.17943
13.950000	322.75710
13.960000	345.09649
13.970000	389.12106
13.980000	451.50885
13.990000	488.01595
14.000000	457.42087
14.010000	395.84727
14.020000	350.09415
14.030000	325.69410
14.040000	314.04495
14.050000	308.71884
14.060000	306.16592
14.070000	304.92710
14.080000	304.33699
14.090000	303.82519
14.100000	303.44317
14.110000	303.00866
14.120000	302.98165
14.130000	302.64427
14.140000	302.38376
14.150000	302.03280
14.160000	301.92662
14.170000	301.75897
14.180000	301.54866
14.190000	301.33014
14.200000	301.29662
14.210000	301.22667
14.220000	301.12716
14.230000	300.56779
14.240000	300.51366
14.250000	300.41686
14.260000	300.65536
14.270000	300.88925
14.280000	300.76500
14.290000	300.73016
14.300000	300.64481
14.310000	300.49961
14.320000	300.74336
14.330000	300.72594
14.340000	300.67853
14.350000	300.95146
14.360000	301.31696
14.370000	301.47500
14.380000	301.70322
14.390000	302.14954
14.400000	302.66369
14.410000	303.00531
14.420000	303.92316
14.430000	305.14806
14.440000	307.54575
14.450000	313.56360
14.460000	328.03626
14.470000	363.27576
14.480000	438.71877
14.490000	568.67013
14.500000	706.32240
14.510000	726.23446
14.520000	606.34370
14.530000	469.53928
14.540000	383.83328
14.550000	339.65082
14.560000	319.33833
14.570000	310.33704
14.580000	306.45247
14.590000	304.77339
14.600000	303.78686
14.610000	303.15455
14.620000	302.66832
14.630000	302.26261
14.640000	302.02402
14.650000	301.54422
14.660000	301.28374
14.670000	301.41446
14.680000	301.10740
14.690000	300.92487
14.700000	301.19893
14.710000	301.21869
14.720000	301.57061
14.730000	302.43146
14.740000	303.54607
14.750000	307.25414
14.760000	316.39137
14.770000	338.85953
14.780000	387.34126
14.790000	472.96009
14.800000	569.90538
14.810000	593.54704
14.820000	518.37751
14.830000	422.42053
14.840000	358.96134
14.850000	326.09539
14.860000	310.56364
14.870000	303.39173
14.880000	300.55768
14.890000	298.88189
14.900000	297.61278
14.910000	297.02067
14.920000	296.79643
14.930000	296.24043
14.940000	295.64848
14.950000	295.27013
14.960000	295.10246
14.970000	294.75320
14.980000	294.56133
14.990000	294.22146
15.000000	293.89892
15.010000	293.56362
15.020000	293.61153
15.030000	293.64610
15.040000	293.26512
15.050000	293.10602
15.060000	292.96137
15.070000	292.78908
15.080000	292.55368
15.090000	292.41688
15.100000	292.27395
15.110000	292.38948
15.120000	292.39877
15.130000	292.45165
15.140000	292.12106
15.150000	291.76445
15.160000	292.21326
15.170000	292.47096
15.180000	292.28491
15.190000	292.52897
15.200000	292.61305
15.210000	292.85983
15.220000	293.79896
15.230000	295.23791
15.240000	298.09076
15.250000	305.62552
15.260000	322.95024
15.270000	360.13556
15.280000	423.15327
15.290000	486.28686
15.300000	493.41745
15.310000	437.71782
15.320000	373.52683
15.330000	331.95573
15.340000	310.57092
15.350000	300.56149
15.360000	295.96320
15.370000	293.96638
15.380000	293.32427
15.390000	292.82266
15.400000	292.42670
15.410000	292.31626
15.420000	292.28717
15.430000	292.20346
15.440000	291.94227
15.450000	291.88001
15.460000	291.96068
15.470000	292.12625
15.480000	292.78171
15.490000	292.91349
15.500000	293.38119
15.510000	294.57932
15.520000	296.90893
15.530000	302.85622
15.540000	317.14935
15.550000	349.47293
15.560000	412.68205
15.570000	502.55638
15.580000	564.99683
15.590000	537.33478
15.600000	451.02334
15.610000	375.56971
15.620000	331.45204
15.630000	309.52014
15.640000	299.21547
15.650000	294.96401
15.660000	292.71933
15.670000	291.63304
15.680000	291.24936
15.690000	290.80523
15.700000	290.49334
15.710000	290.19616
15.720000	289.58631
15.730000	289.43921
15.740000	289.34666
15.750000	288.99419
15.760000	288.70252
15.770000	288.36559
15.780000	288.16175
15.790000	287.98282
15.800000	287.66658
15.810000	287.48652
15.820000	287.31954
15.830000	287.37728
15.840000	287.40407
15.850000	287.63421
15.860000	287.58611
15.870000	287.28369
15.880000	287.19490
15.890000	287.19615
15.900000	287.33835
15.910000	287.05656
15.920000	286.99713
15.930000	287.25850
15.940000	287.14150
15.950000	287.35882
15.960000	287.75281
15.970000	288.32941
15.980000	289.04207
15.990000	290.76312
16.000000	295.72593
16.010000	307.34179
16.020000	331.83400
16.030000	374.29274
16.040000	422.19935
16.050000	437.42182
16.060000	404.26340
16.070000	356.10075
16.080000	321.67676
16.090000	302.83560
16.100000	293.66820
16.110000	289.84585
16.120000	287.92031
16.130000	286.85803
16.140000	286.50827
16.150000	286.25426
16.160000	286.05380
16.170000	286.00715
16.180000	286.07916
16.190000	285.73890
16.200000	285.67530
16.210000	285.62336
16.220000	285.74576
16.230000	285.73990
16.240000	285.91635
16.250000	286.43102
16.260000	287.60713
16.270000	290.98180
16.280000	298.83941
16.290000	316.59084
16.300000	349.31697
16.310000	392.76176
16.320000	418.94020
16.330000	402.42239
16.340000	360.55659
16.350000	324.55479
16.360000	303.35068
16.370000	292.67115
16.380000	287.62583
16.390000	285.53069
16.400000	284.76213
16.410000	284.17535
16.420000	283.64649
16.430000	283.37713
16.440000	283.23124
16.450000	283.20816
16.460000	282.59504
16.470000	282.31585
16.480000	282.46992
16.490000	282.44045
16.500000	282.16005
16.510000	282.09507
16.520000	282.03962
16.530000	281.90336
16.540000	281.74970
16.550000	281.55633
16.560000	281.61820
16.570000	281.79589
16.580000	281.48559
16.590000	281.38858
16.600000	281.36526
16.610000	281.27356
16.620000	281.30049
16.630000	281.39185
16.640000	281.31614
16.650000	281.28957
16.660000	281.87328
16.670000	282.03799
16.680000	281.99103
16.690000	282.26963
16.700000	282.86964
16.710000	284.66457
16.720000	288.79647
16.730000	298.54894
16.740000	318.38790
16.750000	350.70785
16.760000	384.64304
16.770000	392.94206
16.780000	367.45377
16.790000	332.55162
16.800000	307.86617
16.810000	293.70712
16.820000	287.03641
16.830000	284.24570
16.840000	283.11532
16.850000	282.32356
16.860000	281.99471
16.870000	281.84362
16.880000	281.84244
16.890000	281.66556
16.900000	281.71429
16.910000	281.83506
16.920000	281.59565
16.930000	281.82364
16.940000	282.23232
16.950000	282.58253
16.960000	283.36925
16.970000	285.14257
16.980000	290.34916
16.990000	301.70225
17.000000	325.15626
17.010000	365.60717
17.020000	413.53204
17.030000	433.75181
17.040000	407.54959
17.050000	360.40747
17.060000	322.97480
17.070000	301.08099
17.080000	290.17548
17.090000	285.35018
17.100000	283.65604
17.110000	282.79044
17.120000	282.07364
17.130000	281.66178
17.140000	281.29818
17.150000	281.68073
17.160000	281.42641
17.170000	280.99841
17.180000	280.95188
17.190000	280.77000
17.200000	280.56757
17.210000	280.62552
17.220000	280.65197
17.230000	280.74452
17.240000	280.48875
17.250000	280.46288
17.260000	280.79677
17.270000	280.87342
17.280000	280.72551
17.290000	281.01951
17.300000	281.22703
17.310000	281.26298
17.320000	281.64431
17.330000	281.63123
17.340000	281.48371
17.350000	281.79562
17.360000	282.06477
17.370000	282.86286
17.380000	283.85782
17.390000	285.81339
17.400000	289.72130
17.410000	299.31030
17.420000	321.44536
17.430000	365.95772
17.440000	438.62577
17.450000	514.60640
17.460000	535.45841
17.470000	482.72237
17.480000	404.56796
17.490000	345.43835
17.500000	312.15989
17.510000	295.82913
17.520000	288.45344
17.530000	285.30579
17.540000	283.96441
17.550000	283.12904
17.560000	282.87849
17.570000	282.47671
17.580000	282.18112
17.590000	281.96086
17.600000	281.88929
17.610000	281.85975
17.620000	281.60082
17.630000	281.67146
17.640000	282.10792
17.650000	283.62771
17.660000	286.96766
17.670000	295.22918
17.680000	312.70944
17.690000	342.97665
17.700000	378.39620
17.710000	395.27864
17.720000	377.87537
17.730000	342.79588
17.740000	313.17779
17.750000	295.61619
17.760000	286.01411
17.770000	281.72839
17.780000	279.90319
17.790000	279.34101
17.800000	278.62552
17.810000	278.19223
17.820000	277.81921
17.830000	277.70475
17.840000	277.42034
17.850000	277.22455
17.860000	276.69075
17.870000	276.51766
17.880000	276.46771
17.890000	276.30796
17.900000	276.23348
17.910000	276.25031
17.920000	275.85114
17.930000	275.73646
17.940000	275.36711
17.950000	275.18354
17.960000	275.12042
17.970000	275.03357
17.980000	275.02391
17.990000	274.92993
18.000000	274.96311
18.010000	274.80833
18.020000	274.77575
18.030000	274.57393
18.040000	274.63045
18.050000	274.58273
18.060000	274.26946
18.070000	274.21708
18.080000	273.95172
18.090000	273.97927
18.100000	274.00904
18.110000	274.07226
18.120000	273.96244
18.130000	274.01155
18.140000	274.11429
18.150000	273.82275
18.160000	273.90622
18.170000	273.86287
18.180000	273.58684
18.190000	273.58785
18.200000	273.73960
18.210000	273.55535
18.220000	273.58907
18.230000	273.93394
18.240000	274.04323
18.250000	273.82778
18.260000	273.86432
18.270000	273.99314
18.280000	274.23014
18.290000	274.27811
18.300000	274.70883
18.310000	275.95741
18.320000	278.81336
18.330000	284.70999
18.340000	296.24819
18.350000	313.84008
18.360000	329.72159
18.370000	331.85314
18.380000	318.15636
18.390000	300.14968
18.400000	287.12102
18.410000	279.81604
18.420000	276.00307
18.430000	274.46599
18.440000	273.88350
18.450000	273.46349
18.460000	273.32400
18.470000	273.20090
18.480000	273.13828
18.490000	273.13091
18.500000	272.94578
18.510000	272.80114
18.520000	272.95665
18.530000	272.64135
18.540000	272.43544
18.550000	272.33501
18.560000	272.21235
18.570000	272.23186
18.580000	272.27786
18.590000	272.27598
18.600000	272.21109
18.610000	272.35755
18.620000	272.73106
18.630000	272.61046
18.640000	272.32752
18.650000	272.39262
18.660000	272.60106
18.670000	272.78097
18.680000	273.19799
18.690000	273.65805
18.700000	274.68632
18.710000	276.73321
18.720000	282.05424
18.730000	293.34183
18.740000	314.74590
18.750000	344.92841
18.760000	369.58271
18.770000	369.42144
18.780000	345.08758
18.790000	315.81984
18.800000	294.50907
18.810000	282.57547
18.820000	276.83738
18.830000	274.08401
18.840000	272.75933
18.850000	272.17597
18.860000	271.86435
18.870000	271.44240
18.880000	271.27876
18.890000	271.34648
18.900000	271.52384
18.910000	271.49067
18.920000	271.20309
18.930000	270.96218
18.940000	271.47812
18.950000	272.99818
18.960000	276.64289
18.970000	283.69129
18.980000	295.60279
18.990000	309.32130
19.000000	315.67714
19.010000	309.94976
19.020000	296.77140
19.030000	284.64935
19.040000	276.98635
19.050000	273.01843
19.060000	271.01432
19.070000	269.88475
19.080000	269.17433
19.090000	269.00172
19.100000	268.89888
19.110000	268.60094
19.120000	268.50940
19.130000	268.37700
19.140000	268.42828
19.150000	268.22688
19.160000	268.33391
19.170000	268.27141
19.180000	267.94437
19.190000	267.81022
19.200000	267.76753
19.210000	267.63233
19.220000	267.57955
19.230000	267.66417
19.240000	267.34359
19.250000	267.11148
19.260000	267.39785
19.270000	267.70131
19.280000	267.50369
19.290000	267.17309
19.300000	267.29631
19.310000	267.00849
19.320000	267.33297
19.330000	267.96531
19.340000	268.88168
19.350000	270.95455
19.360000	274.78066
19.370000	280.51684
19.380000	285.59170
19.390000	286.65400
19.400000	282.70426
19.410000	276.78500
19.420000	272.28859
19.430000	269.77755
19.440000	268.19409
19.450000	267.73558
19.460000	267.30756
19.470000	267.02177
19.480000	266.93704
19.490000	266.86933
19.500000	267.05410
19.510000	267.23405
19.520000	267.09998
19.530000	267.28531
19.540000	267.80541
19.550000	268.85538
19.560000	270.95056
19.570000	275.96391
19.580000	286.62852
19.590000	306.17896
19.600000	333.38279
19.610000	354.79779
19.620000	355.22433
19.630000	334.55251
19.640000	307.81175
19.650000	287.91072
19.660000	276.63177
19.670000	271.02875
19.680000	268.66351
19.690000	267.35516
19.700000	266.54926
19.710000	266.31323
19.720000	266.13747
19.730000	265.94444
19.740000	265.71499
19.750000	265.61554
19.760000	265.43342
19.770000	265.15496
19.780000	265.05428
19.790000	265.01778
19.800000	264.76301
19.810000	264.84858
19.820000	264.69931
19.830000	264.58030
19.840000	264.53889
19.850000	264.19251
19.860000	263.99565
19.870000	264.37045
19.880000	264.45172
19.890000	264.46151
19.900000	264.48699
19.910000	264.61535
19.920000	265.14266
19.930000	266.08515
19.940000	268.05075
19.950000	273.42547
19.960000	284.30306
19.970000	301.05738
19.980000	319.29711
19.990000	327.48821
20.000000	318.99919
20.010000	301.42836
20.020000	285.04112
20.030000	274.11640
20.040000	268.41176
20.050000	265.63994
20.060000	264.42515
20.070000	263.93141
20.080000	263.52657
20.090000	263.55332
20.100000	263.32493
20.110000	263.08137
20.120000	263.05417
20.130000	263.05868
20.140000	263.24378
20.150000	263.76144
20.160000	265.25984
20.170000	268.30657
20.180000	274.59565
20.190000	285.39061
20.200000	298.42014
20.210000	305.56176
20.220000	301.59317
20.230000	290.20902
20.240000	278.45998
20.250000	270.40485
20.260000	265.88879
20.270000	263.43869
20.280000	262.30763
20.290000	261.78538
20.300000	261.42332
20.310000	261.24717
20.320000	261.21344
20.330000	260.84968
20.340000	260.89602
20.350000	260.74317
20.360000	260.77977
20.370000	260.74208
20.380000	260.50866
20.390000	260.30685
20.400000	260.27666
20.410000	260.52319
20.420000	260.30180
20.430000	259.94905
20.440000	259.84818
20.450000	259.87484
20.460000	259.91570
20.470000	259.67702
20.480000	259.79983
20.490000	260.28608
20.500000	260.13403
20.510000	260.27228
20.520000	260.99697
20.530000	262.57097
20.540000	266.13449
20.550000	273.04920
20.560000	282.14584
20.570000	289.88439
20.580000	290.57909
20.590000	284.25702
20.600000	275.43994
20.610000	267.95908
20.620000	263.53650
20.630000	260.95193
20.640000	259.61171
20.650000	259.28652
20.660000	259.18099
20.670000	259.23539
20.680000	259.12993
20.690000	259.06376
20.700000	258.71764
20.710000	258.78006
20.720000	259.01792
20.730000	259.28086
20.740000	259.89906
20.750000	261.97461
20.760000	266.33282
20.770000	273.30808
20.780000	281.21999
20.790000	285.67454
20.800000	283.66906
20.810000	276.55931
20.820000	268.98466
20.830000	263.51627
20.840000	260.67613
20.850000	259.11150
20.860000	258.40574
20.870000	257.97190
20.880000	257.69657
20.890000	257.68452
20.900000	257.37541
20.910000	257.42785
20.920000	257.56966
20.930000	257.45908
20.940000	257.28714
20.950000	257.18626
20.960000	257.16053
20.970000	257.12177
20.980000	257.06354
20.990000	257.10571
21.000000	257.20850
21.010000	257.25018
21.020000	257.43296
21.030000	257.39592
21.040000	257.25198
21.050000	257.59206
21.060000	257.70447
21.070000	257.98211
21.080000	258.75726
21.090000	260.17089
21.100000	263.37923
21.110000	270.22310
21.120000	282.89892
21.130000	300.57063
21.140000	315.87364
21.150000	318.51298
21.160000	307.22280
21.170000	289.91067
21.180000	275.21900
21.190000	266.15192
21.200000	261.15254
21.210000	258.98366
21.220000	257.89584
21.230000	257.35590
21.240000	256.85000
21.250000	256.56442
21.260000	256.93146
21.270000	256.95713
21.280000	256.92442
21.290000	257.02385
21.300000	257.79300
21.310000	259.79482
21.320000	263.94421
21.330000	272.02927
21.340000	282.76456
21.350000	292.16729
21.360000	293.55245
21.370000	286.93014
21.380000	276.41217
21.390000	267.31109
21.400000	261.26280
21.410000	257.95477
21.420000	256.35697
21.430000	255.41428
21.440000	255.29144
21.450000	255.23096
21.460000	254.73577
21.470000	254.44836
21.480000	254.30378
21.490000	254.10045
21.500000	254.07730
21.510000	253.92298
21.520000	253.90738
21.530000	253.78257
21.540000	253.79448
21.550000	253.80288
21.560000	253.77974
21.570000	253.58113
21.580000	253.62410
21.590000	253.59195
21.600000	253.32296
21.610000	253.29162
21.620000	253.27945
21.630000	253.56221
21.640000	253.73632
21.650000	254.22307
21.660000	255.03247
21.670000	257.54031
21.680000	261.48473
21.690000	266.53329
21.700000	269.71255
21.710000	268.92706
21.720000	264.95956
21.730000	260.19135
21.740000	256.64690
21.750000	254.44092
21.760000	253.31683
21.770000	252.81191
21.780000	252.65861
21.790000	252.63872
21.800000	252.18878
21.810000	252.31120
21.820000	252.46249
21.830000	252.55832
21.840000	252.62471
21.850000	252.66394
21.860000	252.98931
21.870000	253.54916
21.880000	255.06740
21.890000	257.29026
21.900000	259.01531
21.910000	259.50636
21.920000	258.49299
21.930000	256.44389
21.940000	254.60227
21.950000	253.37639
21.960000	252.51886
21.970000	252.13139
21.980000	252.08364
21.990000	251.85160
22.000000	251.60318
22.010000	251.83946
22.020000	251.76813
22.030000	251.77512
22.040000	251.93140
22.050000	251.55450
22.060000	251.68027
22.070000	251.60193
22.080000	251.58028
22.090000	251.92176
22.100000	251.82119
22.110000	251.70290
22.120000	251.82508
22.130000	251.96296
22.140000	251.93258
22.150000	251.76266
22.160000	251.99616
22.170000	252.16369
22.180000	252.35741
22.190000	253.10868
22.200000	254.87792
22.210000	258.26137
22.220000	264.05477
22.230000	272.29546
22.240000	278.87849
22.250000	279.49417
22.260000	274.36637
22.270000	266.90724
22.280000	260.42728
22.290000	256.34076
22.300000	253.95584
22.310000	252.81054
22.320000	252.33675
22.330000	252.37408
22.340000	252.05644
22.350000	251.90105
22.360000	252.11571
22.370000	252.00963
22.380000	252.47667
22.390000	253.30147
22.400000	255.24606
22.410000	259.18228
22.420000	265.99294
22.430000	274.94213
22.440000	282.49017
22.450000	283.58313
22.460000	277.96806
22.470000	269.34537
22.480000	261.63571
22.490000	256.19974
22.500000	253.24305
22.510000	252.02055
22.520000	251.52295
22.530000	251.12073
22.540000	250.73060
22.550000	250.66077
22.560000	250.67400
22.570000	250.55387
22.580000	250.45671
22.590000	250.24664
22.600000	249.93365
22.610000	249.99724
22.620000	250.45784
22.630000	250.27251
22.640000	250.07237
22.650000	250.12172
22.660000	249.89637
22.670000	250.04806
22.680000	250.15619
22.690000	250.08051
22.700000	249.81694
22.710000	249.66320
22.720000	249.89659
22.730000	250.67738
22.740000	251.98919
22.750000	254.28414
22.760000	257.64683
22.770000	260.13547
22.780000	260.62762
22.790000	258.92653
22.800000	256.19422
22.810000	253.12324
22.820000	251.21024
22.830000	250.34957
22.840000	250.01588
22.850000	249.65072
22.860000	249.09092
22.870000	248.92206
22.880000	249.44087
22.890000	249.58835
22.900000	249.70205
22.910000	250.11523
22.920000	250.85340
22.930000	252.90959
22.940000	257.17667
22.950000	263.98900
22.960000	271.39717
22.970000	275.83914
22.980000	274.68976
22.990000	268.68424
23.000000	261.65708
23.010000	255.91074
23.020000	252.21747
23.030000	250.22647
23.040000	249.52146
23.050000	249.18697
23.060000	248.62575
23.070000	248.49699
23.080000	248.61820
23.090000	248.47679
23.100000	248.34769
23.110000	248.55318
23.120000	248.57961
23.130000	248.42195
23.140000	248.30172
23.150000	248.16213
23.160000	248.25790
23.170000	248.30606
23.180000	248.11244
23.190000	248.01654
23.200000	247.93876
23.210000	247.86369
23.220000	248.03923
23.230000	248.17377
23.240000	248.79233
23.250000	250.13855
23.260000	252.63016
23.270000	256.81115
23.280000	262.33395
23.290000	266.55953
23.300000	267.13609
23.310000	263.67135
23.320000	258.47701
23.330000	254.03900
23.340000	251.03603
23.350000	249.32584
23.360000	248.12121
23.370000	247.49908
23.380000	247.49475
23.390000	247.77760
23.400000	247.72350
23.410000	247.66952
23.420000	247.53996
23.430000	247.76839
23.440000	247.95393
23.450000	248.89371
23.460000	250.78742
23.470000	253.34647
23.480000	255.59904
23.490000	256.27627
23.500000	255.02458
23.510000	252.74593
23.520000	250.43420
23.530000	248.58658
23.540000	247.63097
23.550000	247.05150
23.560000	247.00587
23.570000	246.89014
23.580000	246.77173
23.590000	246.65182
23.600000	246.50864
23.610000	246.60459
23.620000	246.82771
23.630000	246.90445
23.640000	246.67941
23.650000	246.61389
23.660000	246.52012
23.670000	246.59465
23.680000	246.67066
23.690000	246.75873
23.700000	246.67545
23.710000	246.49235
23.720000	246.41994
23.730000	246.63949
23.740000	246.60611
23.750000	246.68310
23.760000	247.02674
23.770000	247.60681
23.780000	248.39965
23.790000	248.95651
23.800000	249.30456
23.810000	249.21575
23.820000	248.67652
23.830000	247.90338
23.840000	247.07855
23.850000	246.80383
23.860000	246.85863
23.870000	246.77948
23.880000	246.92286
23.890000	246.93947
23.900000	246.64912
23.910000	246.51077
23.920000	246.79420
23.930000	247.13318
23.940000	247.62027
23.950000	248.85843
23.960000	251.47369
23.970000	255.36191
23.980000	259.56416
23.990000	261.99064
24.000000	261.29845
24.010000	258.20913
24.020000	254.32077
24.030000	250.89530
24.040000	248.70855
24.050000	247.57207
24.060000	247.36776
24.070000	247.03947
24.080000	246.98529
24.090000	246.79128
24.100000	246.75018
24.110000	246.71081
24.120000	246.87917
24.130000	246.73847
24.140000	246.65045
24.150000	246.81584
24.160000	246.67814
24.170000	246.76778
24.180000	246.72148
24.190000	247.02386
24.200000	246.85364
24.210000	246.93080
24.220000	247.05849
24.230000	247.36211
24.240000	247.68123
24.250000	248.39495
24.260000	250.36500
24.270000	254.26255
24.280000	260.49492
24.290000	267.16838
24.300000	271.38667
24.310000	270.37017
24.320000	265.54214
24.330000	259.24823
24.340000	254.19516
24.350000	250.69932
24.360000	248.91495
24.370000	247.72436
24.380000	247.30577
24.390000	247.09657
24.400000	247.24107
24.410000	247.19166
24.420000	246.85886
24.430000	247.02576
24.440000	247.92496
24.450000	249.64840
24.460000	252.47829
24.470000	256.23881
24.480000	259.15766
24.490000	259.75535
24.500000	258.07409
24.510000	254.70420
24.520000	251.59224
24.530000	249.37767
24.540000	247.95144
24.550000	247.08911
24.560000	246.46692
24.570000	246.24637
24.580000	246.46033
24.590000	246.31431
24.600000	246.26779
24.610000	246.49552
24.620000	246.37624
24.630000	246.24694
24.640000	245.92158
24.650000	245.67314
24.660000	245.95032
24.670000	245.70431
24.680000	245.62198
24.690000	245.71351
24.700000	245.86394
24.710000	245.69851
24.720000	245.75964
24.730000	245.81948
24.740000	245.86064
24.750000	246.45550
24.760000	247.51573
24.770000	249.10457
24.780000	250.41488
24.790000	251.44529
24.800000	251.13848
24.810000	249.79144
24.820000	248.42670
24.830000	247.11672
24.840000	246.15763
24.850000	245.68004
24.860000	245.48119
24.870000	245.36905
24.880000	245.21005
24.890000	245.11282
24.900000	245.16214
24.910000	245.30017
24.920000	245.73508
24.930000	246.43344
24.940000	247.65568
24.950000	249.75303
24.960000	251.77781
24.970000	253.06340
24.980000	253.03640
24.990000	251.35676
25.000000	248.98505
25.010000	247.13554
25.020000	245.99475
25.030000	245.22202
25.040000	245.06106
25.050000	244.97246
25.060000	244.76337
25.070000	244.83468
25.080000	244.79694
25.090000	244.56743
25.100000	244.68258
25.110000	244.71157
25.120000	244.75616
25.130000	244.58884
25.140000	244.70334
25.150000	244.56836
25.160000	244.09996
25.170000	244.15206
25.180000	244.36014
25.190000	244.41711
25.200000	244.68329
25.210000	244.90296
25.220000	246.02297
25.230000	247.94367
25.240000	251.13274
25.250000	256.26798
25.260000	261.49948
25.270000	264.20070
25.280000	263.24886
25.290000	259.20229
25.300000	254.23548
25.310000	250.12312
25.320000	247.13490
25.330000	245.71886
25.340000	244.83345
25.350000	244.41333
25.360000	243.97672
25.370000	243.99907
25.380000	244.29435
25.390000	244.12491
25.400000	244.35777
25.410000	245.54415
25.420000	247.53324
25.430000	249.82749
25.440000	251.99232
25.450000	253.06461
25.460000	252.36014
25.470000	250.09850
25.480000	247.62358
25.490000	245.67750
25.500000	244.52666
25.510000	243.45508
25.520000	242.67578
25.530000	242.57229
25.540000	242.65670
25.550000	242.64794
25.560000	242.40224
25.570000	242.41189
25.580000	242.58309
25.590000	242.51131
25.600000	242.53727
25.610000	242.45507
25.620000	242.24689
25.630000	242.07711
25.640000	242.54711
25.650000	242.53361
25.660000	242.25332
25.670000	242.28856
25.680000	242.28103
25.690000	242.78065
25.700000	243.17116
25.710000	244.53534
25.720000	246.74922
25.730000	249.29644
25.740000	250.64503
25.750000	250.41804
25.760000	248.74990
25.770000	246.48467
25.780000	244.36944
25.790000	243.35745
25.800000	242.45995
25.810000	241.71859
25.820000	241.44804
25.830000	241.40870
25.840000	241.56048
25.850000	241.43702
25.860000	241.64125
25.870000	242.09778
25.880000	243.16835
25.890000	245.29481
25.900000	248.14049
25.910000	250.41942
25.920000	251.11024
25.930000	250.11276
25.940000	248.05498
25.950000	245.06067
25.960000	242.84813
25.970000	241.71948
25.980000	240.75802
25.990000	240.48560
26.000000	240.23763
26.010000	240.12201
26.020000	240.37659
26.030000	240.35986
26.040000	240.39133
26.050000	240.25753
26.060000	239.94373
26.070000	239.66126
26.080000	239.45840
26.090000	239.53402
26.100000	239.57999
26.110000	239.54019
26.120000	239.64399
26.130000	239.40953
26.140000	239.54730
26.150000	239.38799
26.160000	239.43274
26.170000	240.02354
26.180000	240.92270
26.190000	241.70309
26.200000	242.29542
26.210000	242.85345
26.220000	242.27131
26.230000	241.28955
26.240000	240.52044
26.250000	239.57874
26.260000	238.94590
26.270000	238.61673
26.280000	238.65418
26.290000	238.72100
26.300000	238.85408
26.310000	238.63854
26.320000	238.67184
26.330000	238.59489
26.340000	239.05825
26.350000	239.72000
26.360000	241.12568
26.370000	241.52080
26.380000	241.61922
26.390000	241.54275
26.400000	240.62835
26.410000	239.72050
26.420000	238.99512
26.430000	238.54377
26.440000	237.87009
26.450000	237.95919
26.460000	238.06735
26.470000	238.09565
26.480000	237.84627
26.490000	237.71711
26.500000	237.77881
26.510000	237.87889
26.520000	237.58387
26.530000	237.43408
26.540000	237.45884
26.550000	237.66593
26.560000	237.77103
26.570000	237.68967
26.580000	237.39612
26.590000	237.62741
26.600000	237.49110
26.610000	237.49756
26.620000	237.41878
26.630000	237.47381
26.640000	237.62140
26.650000	237.31959
26.660000	237.16084
26.670000	237.17523
26.680000	237.30450
26.690000	237.26251
26.700000	237.16327
26.710000	237.18739
26.720000	237.17106
26.730000	237.48485
26.740000	237.54447
26.750000	237.38758
26.760000	237.32706
26.770000	237.55421
26.780000	237.76083
26.790000	238.40888
26.800000	239.60564
26.810000	241.20006
26.820000	242.94808
26.830000	244.07243
26.840000	244.08521
26.850000	243.08947
26.860000	241.32715
26.870000	239.59412
26.880000	238.18572
26.890000	237.55695
26.900000	237.54830
26.910000	237.34956
26.920000	237.21864
26.930000	237.27256
26.940000	237.11478
26.950000	236.91583
26.960000	237.09768
26.970000	237.24243
26.980000	237.19890
26.990000	237.14989
27.000000	237.05794
27.010000	237.08227
27.020000	237.26748
27.030000	237.29899
27.040000	237.21774
27.050000	237.29209
27.060000	237.82507
27.070000	238.95647
27.080000	241.08498
27.090000	243.97423
27.100000	246.81014
27.110000	248.78473
27.120000	248.47549
27.130000	246.49505
27.140000	243.62832
27.150000	241.22796
27.160000	239.47953
27.170000	237.93828
27.180000	237.46011
27.190000	237.13873
27.200000	237.16084
27.210000	237.37736
27.220000	237.66241
27.230000	238.22600
27.240000	239.15689
27.250000	240.71277
27.260000	243.09793
27.270000	245.46631
27.280000	246.33972
27.290000	245.61157
27.300000	243.60360
27.310000	241.24804
27.320000	239.18376
27.330000	238.15174
27.340000	237.25544
27.350000	236.47670
27.360000	236.47192
27.370000	236.63613
27.380000	236.51865
27.390000	236.34209
27.400000	236.54888
27.410000	236.67789
27.420000	236.52601
27.430000	236.13247
27.440000	235.87117
27.450000	236.04325
27.460000	235.74931
27.470000	236.10291
27.480000	236.19265
27.490000	235.93625
27.500000	236.20598
27.510000	236.22862
27.520000	236.12427
27.530000	236.11675
27.540000	236.45868
27.550000	236.60037
27.560000	236.55968
27.570000	236.63946
27.580000	236.55565
27.590000	236.15193
27.600000	235.95532
27.610000	235.86217
27.620000	235.71679
27.630000	236.10647
27.640000	235.75670
27.650000	235.84867
27.660000	236.00577
27.670000	236.25621
27.680000	236.74398
27.690000	237.58037
27.700000	239.25258
27.710000	240.25333
27.720000	240.42632
27.730000	239.97068
27.740000	239.22319
27.750000	237.70980
27.760000	236.59009
27.770000	236.43707
27.780000	236.33916
27.790000	236.01863
27.800000	235.87521
27.810000	235.53857
27.820000	235.48152
27.830000	235.46182
27.840000	235.57235
27.850000	235.86583
27.860000	235.87516
27.870000	235.37928
27.880000	235.48969
27.890000	235.87013
27.900000	235.64943
27.910000	235.63509
27.920000	235.77311
27.930000	236.12551
27.940000	236.59140
27.950000	237.48863
27.960000	238.68899
27.970000	241.14535
27.980000	243.20230
27.990000	244.34382
28.000000	244.29614
28.010000	242.59925
28.020000	240.37392
28.030000	238.35065
28.040000	237.13456
28.050000	236.35173
28.060000	235.95871
28.070000	235.94738
28.080000	235.76904
28.090000	235.70227
28.100000	235.86595
28.110000	236.17747
28.120000	235.96348
28.130000	236.58764
28.140000	237.06653
28.150000	237.50456
28.160000	237.53021
28.170000	236.85144
28.180000	236.20440
28.190000	235.95598
28.200000	235.51746
28.210000	235.32778
28.220000	235.01551
28.230000	234.97399
28.240000	234.97660
28.250000	235.27022
28.260000	235.40552
28.270000	235.32196
28.280000	235.22036
28.290000	235.22778
28.300000	235.02433
28.310000	235.10508
28.320000	235.08935
28.330000	235.13726
28.340000	235.44676
28.350000	235.34082
28.360000	235.24535
28.370000	235.48887
28.380000	235.98293
28.390000	236.65515
28.400000	237.66111
28.410000	238.53568
28.420000	239.14183
28.430000	238.51355
28.440000	238.18028
28.450000	237.25138
28.460000	236.32574
28.470000	235.76955
28.480000	235.33007
28.490000	235.31677
28.500000	235.21805
28.510000	235.17678
28.520000	235.30335
28.530000	235.54623
28.540000	235.95696
28.550000	236.74847
28.560000	237.95656
28.570000	239.23247
28.580000	239.59598
28.590000	239.20596
28.600000	238.81958
28.610000	237.58531
28.620000	236.32578
28.630000	235.84973
28.640000	235.62053
28.650000	235.24366
28.660000	235.06266
28.670000	235.06844
28.680000	235.43580
28.690000	235.19263
28.700000	234.90474
28.710000	234.93228
28.720000	234.79724
28.730000	234.52387
28.740000	234.70372
28.750000	234.78553
28.760000	234.64425
28.770000	234.98399
28.780000	234.97040
28.790000	234.94145
28.800000	235.48509
28.810000	236.28582
28.820000	236.85652
28.830000	237.56973
28.840000	238.34412
28.850000	238.12097
28.860000	237.56148
28.870000	236.78789
28.880000	235.96470
28.890000	235.46854
28.900000	234.91102
28.910000	234.67915
28.920000	234.72713
28.930000	234.62864
28.940000	234.87201
28.950000	234.78786
28.960000	234.96503
28.970000	235.43958
28.980000	236.07610
28.990000	236.58169
29.000000	236.79208
29.010000	237.03895
29.020000	236.90310
29.030000	235.99692
29.040000	235.23309
29.050000	234.87347
29.060000	234.68307
29.070000	234.76535
29.080000	234.87037
29.090000	234.65587
29.100000	234.32561
29.110000	234.26086
29.120000	234.21955
29.130000	234.37245
29.140000	234.45006
29.150000	234.27913
29.160000	234.35235
29.170000	234.41698
29.180000	234.33326
29.190000	234.28070
29.200000	234.31077
29.210000	234.62104
29.220000	234.85174
29.230000	235.28758
29.240000	235.69143
29.250000	235.85401
29.260000	236.70723
29.270000	236.29240
29.280000	236.04557
29.290000	235.70995
29.300000	235.02801
29.310000	234.78085
29.320000	234.53037
29.330000	234.31818
29.340000	234.07329
29.350000	234.31618
29.360000	234.47518
29.370000	234.45926
29.380000	234.83080
29.390000	235.59763
29.400000	236.34506
29.410000	236.73964
29.420000	237.05704
29.430000	236.59366
29.440000	236.17636
29.450000	235.12236
29.460000	234.69291
29.470000	234.30215
29.480000	234.02043
29.490000	233.99640
29.500000	234.30964
29.510000	234.35269
29.520000	234.01235
29.530000	234.16785
29.540000	233.98197
29.550000	234.00233
29.560000	233.75541
29.570000	233.80351
29.580000	233.90672
29.590000	234.08886
29.600000	233.82447
29.610000	234.20371
29.620000	234.29208
29.630000	234.86982
29.640000	235.66607
29.650000	237.14101
29.660000	239.05877
29.670000	240.35247
29.680000	240.54776
29.690000	239.72446
29.700000	238.39546
29.710000	236.64056
29.720000	235.79851
29.730000	234.75434
29.740000	234.23366
29.750000	234.01740
29.760000	233.86776
29.770000	233.90150
29.780000	234.48979
29.790000	234.79223
29.800000	235.63126
29.810000	237.31156
29.820000	238.30439
29.830000	238.38778
29.840000	237.90338
29.850000	237.17980
29.860000	235.87389
29.870000	234.85063
29.880000	234.06420
29.890000	233.66048
29.900000	233.07356
29.910000	233.25879
29.920000	233.35621
29.930000	233.08968
29.940000	232.98572
29.950000	233.06082
29.960000	232.98319
29.970000	233.00450
29.980000	232.90419
29.990000	232.98385
30.000000	232.93713
30.010000	232.95709
30.020000	232.81063
30.030000	232.79510
30.040000	232.81057
30.050000	233.01901
30.060000	233.30718
30.070000	233.40194
30.080000	233.86636
30.090000	233.77299
30.100000	233.40087
30.110000	232.92355
30.120000	232.60204
30.130000	232.61980
30.140000	232.56468
30.150000	232.50662
30.160000	232.08297
30.170000	232.29102
30.180000	232.58637
30.190000	232.28754
30.200000	232.53880
30.210000	232.98658
30.220000	233.35804
30.230000	233.75444
30.240000	233.63677
30.250000	233.62063
30.260000	233.46086
30.270000	232.99960
30.280000	232.55460
30.290000	232.27897
30.300000	232.19804
30.310000	231.73942
30.320000	231.77501
30.330000	231.91276
30.340000	231.80609
30.350000	231.74895
30.360000	231.79045
30.370000	231.75120
30.380000	231.86969
30.390000	231.88686
30.400000	231.88931
30.410000	231.52614
30.420000	231.74105
30.430000	231.52339
30.440000	231.62509
30.450000	232.12573
30.460000	232.76311
30.470000	233.15350
30.480000	233.75634
30.490000	233.66639
30.500000	233.36002
30.510000	232.73717
30.520000	232.19317
30.530000	231.59529
30.540000	231.48000
30.550000	231.21987
30.560000	231.37784
30.570000	231.30714
30.580000	231.51211
30.590000	232.11637
30.600000	232.58960
30.610000	233.14198
30.620000	233.77796
30.630000	234.15569
30.640000	234.02033
30.650000	233.74704
30.660000	233.09611
30.670000	232.41968
30.680000	231.84711
30.690000	231.29384
30.700000	231.02942
30.710000	231.03584
30.720000	230.99263
30.730000	231.09784
30.740000	230.76017
30.750000	231.02192
30.760000	230.67253
30.770000	230.84817
30.780000	230.80226
30.790000	230.80492
30.800000	230.69582
30.810000	230.86130
30.820000	230.84902
30.830000	230.80768
30.840000	230.78922
30.850000	230.41291
30.860000	230.67308
30.870000	231.28329
30.880000	231.20671
30.890000	231.30610
30.900000	231.11903
30.910000	231.00481
30.920000	230.94713
30.930000	230.79100
30.940000	230.79156
30.950000	230.49923
30.960000	230.44593
30.970000	230.25275
30.980000	230.25163
30.990000	230.71776
31.000000	231.16083
31.010000	231.64082
31.020000	231.67924
31.030000	231.94867
31.040000	231.76667
31.050000	231.34302
31.060000	230.95168
31.070000	230.66197
31.080000	230.27442
31.090000	230.29574
31.100000	230.22954
31.110000	230.12343
31.120000	230.30680
31.130000	230.10388
31.140000	229.77666
31.150000	229.73450
31.160000	229.64272
31.170000	229.62242
31.180000	229.50662
31.190000	229.31438
31.200000	229.66789
31.210000	229.42270
31.220000	229.60886
31.230000	229.70332
31.240000	230.04862
31.250000	230.22992
31.260000	230.79153
31.270000	231.28915
31.280000	231.39763
31.290000	231.39018
31.300000	231.02306
31.310000	230.47292
31.320000	230.13392
31.330000	229.70659
31.340000	229.25536
31.350000	229.24811
31.360000	229.70070
31.370000	229.69551
31.380000	229.56635
31.390000	229.88605
31.400000	230.35958
31.410000	230.49078
31.420000	230.52858
31.430000	230.50561
31.440000	230.37762
31.450000	230.14042
31.460000	230.04343
31.470000	229.80707
31.480000	229.55209
31.490000	229.43851
31.500000	229.07159
31.510000	229.24862
31.520000	229.47067
31.530000	229.32151
31.540000	229.33416
31.550000	229.26860
31.560000	228.78153
31.570000	228.98979
31.580000	229.20000
31.590000	229.19447
31.600000	229.12546
31.610000	228.83784
31.620000	228.75675
31.630000	229.06604
31.640000	229.68752
31.650000	230.27883
31.660000	230.35977
31.670000	230.48237
31.680000	230.15509
31.690000	229.89832
31.700000	229.49941
31.710000	229.27026
31.720000	229.12801
31.730000	229.02789
31.740000	229.04563
31.750000	228.63376
31.760000	228.70068
31.770000	229.23245
31.780000	229.53267
31.790000	230.28838
31.800000	230.63344
31.810000	230.69888
31.820000	230.78387
31.830000	230.73152
31.840000	230.04218
31.850000	229.67156
31.860000	229.72212
31.870000	229.22614
31.880000	228.65267
31.890000	228.56865
31.900000	228.69683
31.910000	228.76010
31.920000	228.84545
31.930000	228.61605
31.940000	228.60015
31.950000	228.69830
31.960000	228.66486
31.970000	228.76258
31.980000	228.84775
31.990000	228.79367
32.000000	229.00005
32.010000	229.35276
32.020000	229.94075
32.030000	230.30470
32.040000	231.36880
32.050000	232.08621
32.060000	231.66144
32.070000	231.18078
32.080000	230.40567
32.090000	229.86398
32.100000	229.48417
32.110000	228.72013
32.120000	228.60421
32.130000	228.69033
32.140000	228.54597
32.150000	228.52699
32.160000	228.98773
32.170000	229.60109
32.180000	229.69175
32.190000	230.05126
32.200000	229.93474
32.210000	229.53897
32.220000	229.27785
32.230000	228.93879
32.240000	228.48112
32.250000	228.47802
32.260000	228.40954
32.270000	227.79305
32.280000	227.82891
32.290000	228.09840
32.300000	228.05206
32.310000	227.67958
32.320000	227.83555
32.330000	227.91199
32.340000	228.01085
32.350000	227.95986
32.360000	227.92562
32.370000	227.82673
32.380000	227.77414
32.390000	227.92373
32.400000	228.07484
32.410000	228.15235
32.420000	227.92628
32.430000	227.88060
32.440000	228.15762
32.450000	227.93018
32.460000	227.91852
32.470000	227.81625
32.480000	227.89506
32.490000	227.61152
32.500000	227.32890
32.510000	227.59460
32.520000	227.59776
32.530000	227.46445
32.540000	227.87995
32.550000	228.30532
32.560000	228.58576
32.570000	228.80455
32.580000	228.89131
32.590000	228.39212
32.600000	227.95294
32.610000	228.17119
32.620000	227.46078
32.630000	227.47666
32.640000	227.32763
32.650000	227.44517
32.660000	227.20868
32.670000	227.35677
32.680000	227.58860
32.690000	227.51221
32.700000	227.33420
32.710000	227.21093
32.720000	227.28707
32.730000	227.34950
32.740000	227.13121
32.750000	226.99399
32.760000	227.69621
32.770000	228.17114
32.780000	228.09023
32.790000	228.72146
32.800000	229.44263
32.810000	229.34814
32.820000	229.41241
32.830000	229.23730
32.840000	228.60262
32.850000	228.39874
32.860000	227.61197
32.870000	227.48617
32.880000	227.47177
32.890000	227.25967
32.900000	227.28675
32.910000	227.13343
32.920000	227.46597
32.930000	227.39398
32.940000	227.66199
32.950000	227.89025
32.960000	227.54839
32.970000	227.48865
32.980000	227.52180
32.990000	227.10507
33.000000	226.65821
33.010000	226.49211
33.020000	226.35821
33.030000	226.49807
33.040000	226.28831
33.050000	226.35851
33.060000	226.19669
33.070000	226.15403
33.080000	226.60991
33.090000	226.51219
33.100000	226.13890
33.110000	226.12143
33.120000	226.11857
33.130000	225.72688
33.140000	225.94587
33.150000	226.06582
33.160000	226.02940
33.170000	226.14591
33.180000	225.84275
33.190000	225.87895
33.200000	225.88644
33.210000	225.81943
33.220000	225.91153
33.230000	225.84838
33.240000	225.97007
33.250000	226.01202
33.260000	226.12203
33.270000	225.99743
33.280000	226.35687
33.290000	226.94574
33.300000	227.03193
33.310000	227.25808
33.320000	227.97649
33.330000	227.62539
33.340000	227.29339
33.350000	227.05679
33.360000	226.60277
33.370000	226.20095
33.380000	226.08123
33.390000	225.78283
33.400000	225.88787
33.410000	225.51106
33.420000	225.52849
33.430000	225.62524
33.440000	225.66950
33.450000	225.80919
33.460000	225.84139
33.470000	225.54614
33.480000	225.79533
33.490000	225.13162
33.500000	225.33432
33.510000	226.07753
33.520000	226.19345
33.530000	226.27540
33.540000	226.92710
33.550000	227.08755
33.560000	226.91932
33.570000	226.88646
33.580000	226.89952
33.590000	226.23223
33.600000	226.11379
33.610000	225.58745
33.620000	225.10082
33.630000	225.10236
33.640000	225.46489
33.650000	225.93035
33.660000	225.22094
33.670000	225.62425
33.680000	225.77305
33.690000	225.73434
33.700000	225.63652
33.710000	225.55960
33.720000	225.28070
33.730000	225.06025
33.740000	225.34351
33.750000	225.33976
33.760000	225.15516
33.770000	224.93095
33.780000	224.83418
33.790000	224.86896
33.800000	224.87675
33.810000	224.81958
33.820000	224.74223
33.830000	225.16525
33.840000	225.25363
33.850000	224.51012
33.860000	224.75739
33.870000	224.92994
33.880000	224.79935
33.890000	225.05464
33.900000	225.04626
33.910000	225.22284
33.920000	225.46498
33.930000	224.84233
33.940000	224.63230
33.950000	224.65764
33.960000	224.57961
33.970000	224.77706
33.980000	224.77973
33.990000	225.17676
34.000000	225.25643
34.010000	225.11187
34.020000	224.47599
34.030000	225.07209
34.040000	225.48669
34.050000	225.44900
34.060000	225.66466
34.070000	225.30262
34.080000	225.65486
34.090000	225.22702
34.100000	225.08910
34.110000	224.80091
34.120000	224.50625
34.130000	224.85399
34.140000	224.35573
34.150000	224.37427
34.160000	224.28538
34.170000	224.67810
34.180000	224.45318
34.190000	224.46303
34.200000	224.69440
34.210000	224.64299
34.220000	224.57163
34.230000	224.53743
34.240000	224.82760
34.250000	224.91402
34.260000	225.96921
34.270000	226.26777
34.280000	226.43916
34.290000	226.30939
34.300000	225.69042
34.310000	225.45335
34.320000	225.17066
34.330000	224.01468
34.340000	224.23655
34.350000	223.94757
34.360000	224.24412
34.370000	224.59517
34.380000	224.71341
34.390000	224.77351
34.400000	225.47628
34.410000	225.31506
34.420000	225.64178
34.430000	225.52877
34.440000	225.06726
34.450000	224.94905
34.460000	224.78781
34.470000	224.76568
34.480000	224.82160
34.490000	224.24836
34.500000	224.34697
34.510000	224.09976
34.520000	224.03073
34.530000	223.98186
34.540000	223.99931
34.550000	223.99948
34.560000	223.96944
34.570000	223.59463
34.580000	223.86203
34.590000	223.97664
34.600000	224.09862
34.610000	223.90387
34.620000	224.01137
34.630000	223.91966
34.640000	223.90898
34.650000	223.83935
34.660000	223.90837
34.670000	224.41208
34.680000	224.05665
34.690000	223.99277
34.700000	223.38710
34.710000	223.65997
34.720000	223.32339
34.730000	223.58358
34.740000	223.70955
34.750000	224.29267
34.760000	224.04573
34.770000	223.94223
34.780000	223.67277
34.790000	223.35272
34.800000	223.46759
34.810000	223.21137
34.820000	223.76657
34.830000	223.62286
34.840000	223.56060
34.850000	223.18094
34.860000	223.47666
34.870000	223.37280
34.880000	222.97825
34.890000	223.17862
34.900000	223.20247
34.910000	223.41637
34.920000	222.68756
34.930000	223.66141
34.940000	223.68775
34.950000	223.71405
34.960000	223.61480
34.970000	223.55419
34.980000	223.87546
34.990000	224.24872
35.000000	223.49950
35.010000	223.87400
35.020000	224.15015
35.030000	223.98655
35.040000	223.38253
35.050000	223.06344
35.060000	223.01906
35.070000	223.34851
35.080000	223.13189
35.090000	223.35192
35.100000	223.71402
35.110000	223.18227
35.120000	223.42391
35.130000	223.71283
35.140000	224.26371
35.150000	224.43330
35.160000	223.88217
35.170000	223.62146
35.180000	223.91166
35.190000	223.69687
35.200000	223.38518
35.210000	222.93740
35.220000	222.73215
35.230000	222.89653
35.240000	222.92140
35.250000	223.06923
35.260000	223.26215
35.270000	223.14000
35.280000	222.72731
35.290000	223.10736
35.300000	223.00452
35.310000	223.23755
35.320000	223.17241
35.330000	223.31252
35.340000	224.14883
35.350000	223.65998
35.360000	224.10010
35.370000	224.29058
35.380000	223.86411
35.390000	223.33484
35.400000	223.28427
35.410000	222.81255
35.420000	223.08834
35.430000	222.77295
35.440000	223.51349
35.450000	223.78948
35.460000	223.85608
35.470000	223.74178
35.480000	223.98393
35.490000	223.95413
35.500000	223.32768
35.510000	223.06703
35.520000	222.88026
35.530000	223.33171
35.540000	222.44302
35.550000	223.09118
35.560000	223.36223
35.570000	222.25508
35.580000	222.49699
35.590000	222.39114
35.600000	222.56502
35.610000	222.08623
35.620000	222.01739
35.630000	222.88871
35.640000	223.02261
35.650000	222.53523
35.660000	222.43891
35.670000	223.22843
35.680000	222.69437
35.690000	222.69889
35.700000	223.17267
35.710000	223.06420
35.720000	223.46385
35.730000	223.34092
35.740000	223.20236
35.750000	222.78081
35.760000	222.61534
35.770000	222.48479
35.780000	222.41242
35.790000	222.95469
35.800000	222.65696
35.810000	222.65063
35.820000	222.55419
35.830000	222.32160
35.840000	222.49834
35.850000	222.64140
35.860000	222.97407
35.870000	222.24897
35.880000	222.34538
35.890000	222.30165
35.900000	221.71841
35.910000	221.55592
35.920000	222.23269
35.930000	222.29666
35.940000	222.76068
35.950000	222.17910
35.960000	222.80342
35.970000	222.29700
35.980000	222.93379
35.990000	222.58123
36.000000	221.95820
36.010000	222.46506
36.020000	222.07738
36.030000	222.22456
36.040000	222.40259
36.050000	221.88296
36.060000	222.54964
36.070000	222.47270
36.080000	221.79214
36.090000	222.19306
36.100000	222.49891
36.110000	222.02119
36.120000	222.03707
36.130000	222.04645
36.140000	222.42625
36.150000	222.51696
36.160000	222.72485
36.170000	222.79861
36.180000	222.74411
36.190000	222.55727
36.200000	221.78919
36.210000	222.21963
36.220000	221.85761
36.230000	222.74205
36.240000	222.91579
36.250000	221.58109
36.260000	221.56221
36.270000	222.19551
36.280000	222.23964
36.290000	222.15535
36.300000	222.20565
36.310000	222.28555
36.320000	222.31612
36.330000	222.27127
36.340000	222.30723
36.350000	222.44856
36.360000	222.89370
36.370000	222.70667
36.380000	222.98008
36.390000	223.02834
36.400000	222.68691
36.410000	222.78290
36.420000	222.04342
36.430000	223.12505
36.440000	222.64414
36.450000	221.91444
36.460000	221.76732
36.470000	221.98846
36.480000	222.09279
36.490000	221.81447
36.500000	221.81819
36.510000	222.46426
36.520000	222.45379
36.530000	222.48926
36.540000	222.29485
36.550000	222.79118
36.560000	222.52513
36.570000	221.86774
36.580000	222.09025
36.590000	221.44768
36.600000	221.89663
36.610000	221.63105
36.620000	222.15982
36.630000	221.97952
36.640000	222.03188
36.650000	221.74265
36.660000	221.71999
36.670000	221.92955
36.680000	221.66103
36.690000	221.43005
36.700000	222.17141
36.710000	221.72226
36.720000	221.82759
36.730000	221.86519
36.740000	221.31322
36.750000	221.20243
36.760000	221.42003
36.770000	221.63213
36.780000	222.11527
36.790000	221.80965
36.800000	221.24261
36.810000	221.41805
36.820000	222.43357
36.830000	221.76734
36.840000	222.32816
36.850000	222.43904
36.860000	222.28339
36.870000	222.04348
36.880000	222.38073
36.890000	222.12157
36.900000	221.47455
36.910000	221.75273
36.920000	221.72567
36.930000	222.07728
36.940000	222.27023
36.950000	221.80824
36.960000	222.14621
36.970000	222.03814
36.980000	220.96060
36.990000	221.16998
37.000000	221.64785
37.010000	221.78825
37.020000	221.90644
37.030000	221.95982
37.040000	221.14663
37.050000	221.85211
37.060000	222.17529
37.070000	223.07363
37.080000	222.37806
37.090000	221.69320
37.100000	221.94373
37.110000	222.02948
37.120000	222.13357
37.130000	221.70466
37.140000	221.78400
37.150000	221.63658
37.160000	221.39305
37.170000	222.10458
37.180000	222.26412
37.190000	222.43031
37.200000	222.09525
37.210000	221.90886
37.220000	221.91234
37.230000	221.81434
37.240000	221.36484
37.250000	221.73096
37.260000	220.63254
37.270000	221.35248
37.280000	220.69937
37.290000	221.43422
37.300000	221.21632
37.310000	221.21258
37.320000	221.08709
37.330000	221.10242
37.340000	221.68095
37.350000	221.11330
37.360000	221.39418
37.370000	221.17424
37.380000	221.13826
37.390000	221.09377
37.400000	221.40294
37.410000	221.45996
37.420000	221.38292
37.430000	220.91699
37.440000	222.05530
37.450000	221.10337
37.460000	220.65999
37.470000	221.40910
37.480000	221.71272
37.490000	221.02533
37.500000	220.12121
37.510000	220.10966
37.520000	220.88923
37.530000	221.58530
37.540000	221.96895
37.550000	221.30537
37.560000	220.74678
37.570000	220.51192
37.580000	221.25649
37.590000	220.34886
37.600000	219.85425
37.610000	220.04350
37.620000	221.30508
37.630000	220.87792
37.640000	220.91908
37.650000	220.34884
37.660000	220.40835
37.670000	219.75579
37.680000	220.67587
37.690000	219.98864
37.700000	219.93093
37.710000	219.42886
37.720000	220.03832
37.730000	220.52242
37.740000	219.70172
37.750000	220.34506
37.760000	220.20836
37.770000	219.76455
37.780000	220.00446
37.790000	219.72032
37.800000	219.17593
37.810000	220.25739
37.820000	219.70286
37.830000	219.32115
37.840000	219.65783
37.850000	219.63579
37.860000	220.18304
37.870000	219.77494
37.880000	220.43397
37.890000	220.30357
37.900000	219.31636
37.910000	218.90561
37.920000	219.14777
37.930000	219.25808
37.940000	219.38319
37.950000	220.86144
37.960000	220.49784
37.970000	218.26353
37.980000	218.45848
37.990000	219.81810
38.000000	219.70289
38.010000	219.20818
38.020000	218.68156
38.030000	220.20345
38.040000	219.26503
38.050000	219.10499
38.060000	219.86888
38.070000	218.59573
38.080000	218.04753
38.090000	217.61351
38.100000	218.92807
38.110000	218.27814
38.120000	217.31463
38.130000	218.28039
38.140000	218.61099
38.150000	218.38769
38.160000	218.82460
38.170000	218.71753
38.180000	218.36903
38.190000	218.49139
38.200000	218.49674
38.210000	217.21978
38.220000	216.98627
38.230000	217.96984
38.240000	217.57966
38.250000	217.63051
38.260000	218.82115
38.270000	217.73812
38.280000	218.77180
38.290000	216.87421
38.300000	215.85285
38.310000	217.58200
38.320000	217.06596
38.330000	216.72750
38.340000	215.51789
38.350000	215.23201
38.360000	216.20754
38.370000	216.79904
38.380000	217.36254
38.390000	217.41632
38.400000	217.18297
